80.000000	80.000000	80.000000	80.000000	80.000000	80.000000	80.000000	80.000000	80.000000	80.000000	
80.000000	80.000000	80.000000	80.000000	80.000000	80.000000	80.000000	80.000000	80.000000	80.000000	
80.000000	80.000000	80.000000	80.000000	80.000000	80.000000	80.000000	80.000000	80.000000	80.000000	
80.000000	80.000000	80.000000	80.000000	80.000000	80.000000	80.000000	80.000000	80.000000	80.000000	
80.000000	80.000000	80.000000	80.000000	80.000000	80.000000	80.000000	80.000000	80.000000	80.000000	
80.000000	80.000000	80.000000	80.000000	80.000000	80.000000	80.000000	80.000000	80.000000	80.000000	
80.000000	80.000000	80.000000	80.000000	80.000000	80.000000	80.000000	80.000000	80.000000	80.000000	
80.000000	80.000000	80.000000	80.000000	80.000000	80.000000	80.000000	80.000000	80.000000	80.000000	
80.000000	80.000000	80.000000	80.000000	80.000000	80.000000	80.000000	80.000000	80.000000	80.000000	
80.000000	80.000000	80.000000	80.000000	80.000000	80.000000	80.000000	80.000000	80.000000	80.000000	
48.196800	58.443302	60.794552	61.091553	61.111347	61.111351	61.091553	60.794552	58.443302	48.196800	
58.443302	72.803802	75.947052	76.318298	76.340851	76.340851	76.318298	75.947052	72.803802	58.443302	
60.794552	75.947052	79.200302	79.577049	79.599602	79.599602	79.577049	79.200302	75.947052	60.794552	
61.091553	76.318298	79.577049	79.953796	79.976349	79.976349	79.953796	79.577049	76.318298	61.091553	
61.111347	76.340843	79.599602	79.976349	79.998901	79.998901	79.976349	79.599594	76.340843	61.111347	
61.111347	76.340843	79.599602	79.976349	79.998901	79.998901	79.976349	79.599594	76.340843	61.111347	
61.091553	76.318298	79.577049	79.953796	79.976349	79.976349	79.953796	79.577049	76.318298	61.091553	
60.794552	75.947052	79.200302	79.577049	79.599602	79.599602	79.577049	79.200302	75.947052	60.794552	
58.443302	72.803802	75.947052	76.318298	76.340851	76.340851	76.318298	75.947052	72.803802	58.443302	
48.196800	58.443302	60.794552	61.091553	61.111347	61.111351	61.091553	60.794552	58.443302	48.196800	
39.136539	48.064575	51.792648	52.866848	53.083302	53.083302	52.866848	51.792648	48.064571	39.136543	
48.064571	62.525032	68.483688	70.168716	70.500320	70.500320	70.168716	68.483688	62.525032	48.064571	
51.792645	68.483688	75.286316	77.182381	77.549294	77.549301	77.182381	75.286316	68.483688	51.792648	
52.866848	70.168716	77.182381	79.124794	79.498238	79.498238	79.124802	77.182381	70.168716	52.866848	
53.083302	70.500313	77.549294	79.498238	79.872398	79.872398	79.498238	77.549294	70.500313	53.083302	
53.083302	70.500313	77.549294	79.498238	79.872398	79.872398	79.498238	77.549294	70.500313	53.083302	
52.866848	70.168716	77.182381	79.124794	79.498238	79.498238	79.124802	77.182381	70.168716	52.866848	
51.792645	68.483688	75.286316	77.182381	77.549294	77.549301	77.182381	75.286316	68.483688	51.792648	
48.064571	62.525032	68.483688	70.168716	70.500320	70.500320	70.168716	68.483688	62.525032	48.064571	
39.136539	48.064575	51.792648	52.866848	53.083302	53.083302	52.866848	51.792648	48.064571	39.136543	
35.100777	42.462055	46.435028	48.053822	48.540352	48.540352	48.053818	46.435028	42.462055	35.100777	
42.462055	55.154114	61.969501	64.726608	65.548439	65.548439	64.726608	61.969501	55.154110	42.462055	
46.435028	61.969501	70.266083	73.597351	74.582001	74.582001	73.597351	70.266083	61.969501	46.435028	
48.053822	64.726601	73.597351	77.141190	78.182922	78.182922	77.141190	73.597351	64.726608	48.053822	
48.540352	65.548439	74.582001	78.182922	79.239014	79.239014	78.182930	74.582008	65.548439	48.540352	
48.540352	65.548439	74.582001	78.182922	79.239014	79.239014	78.182930	74.582008	65.548439	48.540352	
48.053822	64.726601	73.597351	77.141190	78.182922	78.182922	77.141190	73.597351	64.726608	48.053822	
46.435028	61.969501	70.266083	73.597351	74.582001	74.582001	73.597351	70.266083	61.969501	46.435028	
42.462055	55.154114	61.969501	64.726608	65.548439	65.548439	64.726608	61.969501	55.154110	42.462055	
35.100777	42.462055	46.435028	48.053822	48.540352	48.540352	48.053818	46.435028	42.462055	35.100777	
32.847229	39.015774	42.852081	44.748714	45.450710	45.450706	44.748714	42.852081	39.015774	32.847229	
39.015774	50.019753	56.847084	60.211315	61.452129	61.452129	60.211315	56.847084	50.019756	39.015774	
42.852081	56.847080	65.505341	69.754929	71.315742	71.315742	69.754929	65.505341	56.847084	42.852081	
44.748714	60.211315	69.754929	74.423927	76.132988	76.132988	74.423935	69.754929	60.211315	44.748714	
45.450706	61.452129	71.315742	76.132988	77.893188	77.893188	76.132996	71.315742	61.452133	45.450710	
45.450706	61.452129	71.315742	76.132988	77.893188	77.893188	76.132996	71.315742	61.452133	45.450710	
44.748714	60.211315	69.754929	74.423927	76.132988	76.132988	74.423935	69.754929	60.211315	44.748714	
42.852081	56.847080	65.505341	69.754929	71.315742	71.315742	69.754929	65.505341	56.847084	42.852081	
39.015774	50.019753	56.847084	60.211315	61.452129	61.452129	60.211315	56.847084	50.019756	39.015774	
32.847229	39.015774	42.852081	44.748714	45.450710	45.450706	44.748714	42.852081	39.015774	32.847229	
31.412729	36.692745	40.279194	42.276913	43.111076	43.111076	42.276909	40.279194	36.692745	31.412729	
36.692745	46.313900	52.840904	56.470409	57.983398	57.983398	56.470409	52.840904	46.313900	36.692745	
40.279194	52.840904	61.349136	66.070084	68.033821	68.033821	66.070084	61.349133	52.840904	40.279194	
42.276909	56.470406	66.070084	71.386337	73.593452	73.593452	71.386337	66.070084	56.470409	42.276913	
43.111076	57.983395	68.033821	73.593452	75.899071	75.899071	73.593460	68.033821	57.983398	43.111080	
43.111076	57.983395	68.033821	73.593452	75.899071	75.899071	73.593460	68.033821	57.983398	43.111080	
42.276909	56.470406	66.070084	71.386337	73.593452	73.593452	71.386337	66.070084	56.470409	42.276913	
40.279194	52.840904	61.349136	66.070084	68.033821	68.033821	66.070084	61.349133	52.840904	40.279194	
36.692745	46.313900	52.840904	56.470409	57.983398	57.983398	56.470409	52.840904	46.313900	36.692745	
31.412729	36.692745	40.279194	42.276913	43.111076	43.111076	42.276909	40.279194	36.692745	31.412729	
30.418842	35.020504	38.334930	40.329708	41.226551	41.226551	40.329708	38.334927	35.020504	30.418844	
35.020504	43.526730	49.649185	53.330574	54.984283	54.984283	53.330578	49.649185	43.526730	35.020504	
38.334930	49.649181	57.785187	62.671371	64.863777	64.863777	62.671371	57.785187	49.649181	38.334930	
40.329708	53.330574	62.671371	68.274780	70.786331	70.786331	68.274780	62.671375	53.330578	40.329708	
41.226551	54.984280	64.863777	70.786331	73.439247	73.439247	70.786331	64.863777	54.984287	41.226551	
41.226551	54.984280	64.863777	70.786331	73.439247	73.439247	70.786331	64.863777	54.984287	41.226551	
40.329708	53.330574	62.671371	68.274780	70.786331	70.786331	68.274780	62.671375	53.330578	40.329708	
38.334930	49.649181	57.785187	62.671371	64.863777	64.863777	62.671371	57.785187	49.649181	38.334930	
35.020504	43.526730	49.649185	53.330574	54.984283	54.984283	53.330578	49.649185	43.526730	35.020504	
30.418842	35.020504	38.334930	40.329708	41.226551	41.226551	40.329708	38.334927	35.020504	30.418844	
29.687433	33.754921	36.805668	38.739433	39.650791	39.650791	38.739433	36.805668	33.754921	29.687433	
33.754921	41.350292	47.044746	50.652397	52.351856	52.351856	50.652397	47.044743	41.350292	33.754921	
36.805668	47.044743	54.717075	59.574448	61.861198	61.861198	59.574448	54.717075	47.044746	36.805668	
38.739433	50.652397	59.574444	65.219353	67.875313	67.875313	65.219353	59.574448	50.652401	38.739433	
39.650791	52.351856	61.861198	67.875313	70.704010	70.704010	67.875320	61.861202	52.351860	39.650791	
39.650791	52.351856	61.861198	67.875313	70.704010	70.704010	67.875320	61.861202	52.351860	39.650791	
38.739433	50.652397	59.574444	65.219353	67.875313	67.875313	65.219353	59.574448	50.652401	38.739433	
36.805668	47.044743	54.717075	59.574448	61.861198	61.861198	59.574448	54.717075	47.044746	36.805668	
33.754921	41.350292	47.044746	50.652397	52.351856	52.351856	50.652397	47.044743	41.350292	33.754921	
29.687433	33.754921	36.805668	38.739433	39.650791	39.650791	38.739433	36.805668	33.754921	29.687433	
29.123728	32.757988	35.562813	37.404854	38.300278	38.300278	37.404854	35.562813	32.757984	29.123726	
32.757988	39.594250	44.869041	48.332195	50.015224	50.015224	48.332191	44.869041	39.594250	32.757988	
35.562813	44.869041	52.047344	56.758396	59.047112	59.047115	56.758396	52.047344	44.869041	35.562813	
37.404854	48.332195	56.758396	62.286392	64.971146	64.971146	62.286392	56.758396	48.332195	37.404854	
38.300278	50.015224	59.047115	64.971146	67.847672	67.847672	64.971146	59.047119	50.015224	38.300282	
38.300278	50.015224	59.047115	64.971146	67.847672	67.847672	64.971146	59.047119	50.015224	38.300282	
37.404854	48.332195	56.758396	62.286392	64.971146	64.971146	62.286392	56.758396	48.332195	37.404854	
35.562813	44.869041	52.047344	56.758396	59.047112	59.047115	56.758396	52.047344	44.869041	35.562813	
32.757988	39.594250	44.869041	48.332195	50.015224	50.015224	48.332191	44.869041	39.594250	32.757988	
29.123728	32.757988	35.562813	37.404854	38.300278	38.300278	37.404854	35.562813	32.757984	29.123726	
28.672855	31.946459	34.525047	36.260727	37.122196	37.122196	36.260723	34.525047	31.946459	28.672855	
31.946459	38.137329	43.013145	46.294571	47.923019	47.923019	46.294571	43.013145	38.137329	31.946459	
34.525047	43.013145	49.696972	54.194187	56.425575	56.425575	54.194187	49.696976	43.013149	34.525047	
36.260723	46.294571	54.194191	59.508339	62.144604	62.144604	59.508339	54.194191	46.294575	36.260727	
37.122196	47.923019	56.425575	62.144604	64.981422	64.981422	62.144604	56.425579	47.923019	37.122196	
37.122196	47.923019	56.425575	62.144604	64.981422	64.981422	62.144604	56.425579	47.923019	37.122196	
36.260723	46.294571	54.194191	59.508339	62.144604	62.144604	59.508339	54.194191	46.294575	36.260727	
34.525047	43.013145	49.696972	54.194187	56.425575	56.425575	54.194187	49.696976	43.013149	34.525047	
31.946459	38.137329	43.013145	46.294571	47.923019	47.923019	46.294571	43.013145	38.137329	31.946459	
28.672855	31.946459	34.525047	36.260727	37.122196	37.122196	36.260723	34.525047	31.946459	28.672855	
28.301125	31.267744	33.639099	35.263142	36.080788	36.080788	35.263142	33.639099	31.267744	28.301125	
31.267744	36.900116	41.401970	44.484810	46.036785	46.036785	44.484810	41.401970	36.900120	31.267744	
33.639099	41.401970	47.606010	51.853973	53.992279	53.992279	51.853973	47.606014	41.401970	33.639099	
35.263142	44.484810	51.853973	56.899105	59.438442	59.438442	56.899109	51.853973	44.484814	35.263145	
36.080788	46.036785	53.992279	59.438438	62.179462	62.179462	59.438442	53.992279	46.036785	36.080791	
36.080788	46.036785	53.992279	59.438438	62.179462	62.179462	59.438442	53.992279	46.036785	36.080791	
35.263142	44.484810	51.853973	56.899105	59.438442	59.438442	56.899109	51.853973	44.484814	35.263145	
33.639099	41.401970	47.606010	51.853973	53.992279	53.992279	51.853973	47.606014	41.401970	33.639099	
31.267744	36.900116	41.401970	44.484810	46.036785	46.036785	44.484810	41.401970	36.900120	31.267744	
28.301125	31.267744	33.639099	35.263142	36.080788	36.080788	35.263142	33.639099	31.267744	28.301125	
27.986931	30.687435	32.869091	34.381657	35.150761	35.150761	34.381657	32.869091	30.687433	27.986931	
30.687435	35.829342	39.983147	42.862865	44.327080	44.327080	42.862865	39.983147	35.829342	30.687435	
32.869091	39.983147	45.729767	49.713451	51.738873	51.738873	49.713451	45.729767	39.983147	32.869091	
34.381657	42.862865	49.713451	54.462116	56.876347	56.876347	54.462120	49.713451	42.862865	34.381657	
35.150761	44.327080	51.738873	56.876343	59.488163	59.488163	56.876350	51.738873	44.327080	35.150761	
35.150761	44.327080	51.738873	56.876343	59.488163	59.488163	56.876350	51.738873	44.327080	35.150761	
34.381657	42.862865	49.713451	54.462116	56.876347	56.876347	54.462120	49.713451	42.862865	34.381657	
32.869091	39.983147	45.729767	49.713451	51.738873	51.738873	49.713451	45.729767	39.983147	32.869091	
30.687435	35.829342	39.983147	42.862865	44.327080	44.327080	42.862865	39.983147	35.829342	30.687435	
27.986931	30.687435	32.869091	34.381657	35.150761	35.150761	34.381657	32.869091	30.687433	27.986931	
27.715979	30.182377	32.190277	33.594601	34.313663	34.313663	33.594601	32.190277	30.182377	27.715979	
30.182377	34.888454	38.719578	41.398987	42.770905	42.770905	41.398987	38.719578	34.888454	30.182377	
32.190277	38.719578	44.034767	47.751949	49.655174	49.655174	47.751949	44.034767	38.719578	32.190277	
33.594601	41.398983	47.751949	52.194733	54.469402	54.469402	52.194736	47.751949	41.398983	33.594601	
34.313663	42.770901	49.655174	54.469402	56.934204	56.934208	54.469406	49.655174	42.770901	34.313663	
34.313663	42.770901	49.655174	54.469402	56.934204	56.934208	54.469406	49.655174	42.770901	34.313663	
33.594601	41.398983	47.751949	52.194733	54.469402	54.469402	52.194736	47.751949	41.398983	33.594601	
32.190277	38.719578	44.034767	47.751949	49.655174	49.655174	47.751949	44.034767	38.719578	32.190277	
30.182377	34.888454	38.719578	41.398987	42.770905	42.770905	41.398987	38.719578	34.888454	30.182377	
27.715979	30.182377	32.190277	33.594601	34.313663	34.313663	33.594601	32.190277	30.182377	27.715979	
27.478550	29.736618	31.585184	32.886204	33.555668	33.555668	32.886200	31.585182	29.736618	27.478552	
29.736618	34.051842	37.584446	40.070648	41.349953	41.349953	40.070644	37.584442	34.051842	29.736618	
31.585182	37.584442	42.495567	45.951870	47.730335	47.730331	45.951870	42.495564	37.584442	31.585182	
32.886204	40.070644	45.951870	50.090820	52.220509	52.220509	50.090824	45.951870	40.070644	32.886204	
33.555668	41.349953	47.730331	52.220505	54.530888	54.530891	52.220509	47.730331	41.349953	33.555668	
33.555668	41.349953	47.730331	52.220505	54.530888	54.530891	52.220509	47.730331	41.349953	33.555668	
32.886204	40.070644	45.951870	50.090820	52.220509	52.220509	50.090824	45.951870	40.070644	32.886204	
31.585182	37.584442	42.495567	45.951870	47.730335	47.730331	45.951870	42.495564	37.584442	31.585182	
29.736618	34.051842	37.584446	40.070648	41.349953	41.349953	40.070644	37.584442	34.051842	29.736618	
27.478550	29.736618	31.585184	32.886204	33.555668	33.555668	32.886200	31.585182	29.736618	27.478552	
27.267883	29.338898	31.041201	32.244698	32.866169	32.866169	32.244698	31.041201	29.338898	27.267883	
29.338896	33.301128	36.557922	38.860390	40.049347	40.049347	38.860390	36.557922	33.301132	29.338900	
31.041201	36.557922	41.092396	44.298103	45.953468	45.953468	44.298103	41.092392	36.557922	31.041201	
32.244698	38.860390	44.298103	48.142326	50.127392	50.127392	48.142326	44.298103	38.860390	32.244698	
32.866169	40.049347	45.953468	50.127388	52.282688	52.282688	50.127392	45.953465	40.049347	32.866169	
32.866169	40.049347	45.953468	50.127388	52.282688	52.282688	50.127392	45.953465	40.049347	32.866169	
32.244698	38.860390	44.298103	48.142326	50.127392	50.127392	48.142326	44.298103	38.860390	32.244698	
31.041201	36.557922	41.092396	44.298103	45.953468	45.953468	44.298103	41.092392	36.557922	31.041201	
29.338896	33.301128	36.557922	38.860390	40.049347	40.049347	38.860390	36.557922	33.301132	29.338900	
27.267883	29.338898	31.041201	32.244698	32.866169	32.866169	32.244698	31.041201	29.338898	27.267883	
27.079147	28.981079	30.548998	31.661098	32.236828	32.236828	31.661098	30.549000	28.981079	27.079147	
28.981079	32.622826	35.625000	37.754383	38.856750	38.856750	37.754383	35.625000	32.622826	28.981079	
30.548998	35.625000	39.809521	42.777496	44.313988	44.313988	42.777496	39.809521	35.625000	30.548998	
31.661098	37.754383	42.777496	46.340240	48.184624	48.184628	46.340240	42.777496	37.754383	31.661098	
32.236828	38.856750	44.313988	48.184628	50.188404	50.188404	48.184628	44.313984	38.856747	32.236828	
32.236828	38.856750	44.313988	48.184628	50.188404	50.188404	48.184628	44.313984	38.856747	32.236828	
31.661098	37.754383	42.777496	46.340240	48.184624	48.184628	46.340240	42.777496	37.754383	31.661098	
30.548998	35.625000	39.809521	42.777496	44.313988	44.313988	42.777496	39.809521	35.625000	30.548998	
28.981079	32.622826	35.625000	37.754383	38.856750	38.856750	37.754383	35.625000	32.622826	28.981079	
27.079147	28.981079	30.548998	31.661098	32.236828	32.236828	31.661098	30.549000	28.981079	27.079147	
26.908819	28.657133	30.101488	31.128359	31.660929	31.660929	31.128359	30.101488	28.657133	26.908819	
28.657131	32.006744	34.773991	36.741371	37.761726	37.761726	36.741375	34.773994	32.006744	28.657133	
30.101488	34.773994	38.634121	41.378471	42.801785	42.801785	41.378471	38.634121	34.773991	30.101486	
31.128357	36.741371	41.378471	44.675198	46.384991	46.384991	44.675198	41.378471	36.741371	31.128357	
31.660929	37.761726	42.801785	46.384987	48.243355	48.243355	46.384987	42.801785	37.761726	31.660929	
31.660929	37.761726	42.801785	46.384987	48.243355	48.243355	46.384987	42.801785	37.761726	31.660929	
31.128357	36.741371	41.378471	44.675198	46.384991	46.384991	44.675198	41.378471	36.741371	31.128357	
30.101488	34.773994	38.634121	41.378471	42.801785	42.801785	41.378471	38.634121	34.773991	30.101486	
28.657131	32.006744	34.773991	36.741371	37.761726	37.761726	36.741375	34.773994	32.006744	28.657133	
26.908819	28.657133	30.101488	31.128359	31.660929	31.660929	31.128359	30.101488	28.657133	26.908819	
26.754255	28.362473	29.693144	30.640804	31.132938	31.132938	30.640804	29.693148	28.362473	26.754255	
28.362473	31.445019	33.995579	35.811996	36.755295	36.755295	35.812000	33.995583	31.445019	28.362473	
29.693146	33.995583	37.555496	40.090729	41.407318	41.407318	40.090729	37.555496	33.995583	29.693146	
30.640804	35.811996	40.090729	43.137871	44.720303	44.720303	43.137871	40.090729	35.812000	30.640804	
31.132938	36.755295	41.407318	44.720299	46.440781	46.440781	44.720303	41.407318	36.755295	31.132938	
31.132938	36.755295	41.407318	44.720299	46.440781	46.440781	44.720303	41.407318	36.755295	31.132938	
30.640804	35.811996	40.090729	43.137871	44.720303	44.720303	43.137871	40.090729	35.812000	30.640804	
29.693146	33.995583	37.555496	40.090729	41.407318	41.407318	40.090729	37.555496	33.995583	29.693146	
28.362473	31.445019	33.995579	35.811996	36.755295	36.755295	35.812000	33.995583	31.445019	28.362473	
26.754255	28.362473	29.693144	30.640804	31.132938	31.132938	30.640804	29.693148	28.362473	26.754255	
26.613426	28.093515	29.319553	30.193769	30.648197	30.648195	30.193771	29.319553	28.093515	26.613424	
28.093515	30.931381	33.282131	34.958317	35.829613	35.829613	34.958317	33.282135	30.931381	28.093515	
29.319553	33.282135	36.564541	38.905029	40.121639	40.121639	38.905033	36.564541	33.282135	29.319553	
30.193769	34.958317	38.905029	41.719196	43.182026	43.182026	41.719196	38.905029	34.958317	30.193769	
30.648195	35.829613	40.121639	43.182022	44.772839	44.772839	43.182026	40.121639	35.829613	30.648195	
30.648195	35.829613	40.121639	43.182022	44.772839	44.772839	43.182026	40.121639	35.829613	30.648195	
30.193769	34.958317	38.905029	41.719196	43.182026	43.182026	41.719196	38.905029	34.958317	30.193769	
29.319553	33.282135	36.564541	38.905029	40.121639	40.121639	38.905033	36.564541	33.282135	29.319553	
28.093515	30.931381	33.282131	34.958317	35.829613	35.829613	34.958317	33.282135	30.931381	28.093515	
26.613426	28.093515	29.319553	30.193769	30.648197	30.648195	30.193771	29.319553	28.093515	26.613424	
26.484711	27.847383	28.977081	29.783323	30.202703	30.202703	29.783323	28.977081	27.847383	26.484713	
27.847383	30.460724	32.627258	34.173470	34.977757	34.977760	34.173473	32.627258	30.460724	27.847383	
28.977081	32.627258	35.653358	37.813026	38.936413	38.936417	37.813030	35.653362	32.627258	28.977081	
29.783323	34.173470	37.813026	40.410503	41.761620	41.761623	40.410503	37.813026	34.173470	29.783323	
30.202703	34.977757	38.936413	41.761620	43.231194	43.231194	41.761620	38.936413	34.977757	30.202703	
30.202703	34.977757	38.936413	41.761620	43.231194	43.231194	41.761620	38.936413	34.977757	30.202703	
29.783323	34.173470	37.813026	40.410503	41.761620	41.761623	40.410503	37.813026	34.173470	29.783323	
28.977081	32.627258	35.653358	37.813026	38.936413	38.936417	37.813030	35.653362	32.627258	28.977081	
27.847383	30.460724	32.627258	34.173470	34.977757	34.977760	34.173473	32.627258	30.460724	27.847383	
26.484711	27.847383	28.977081	29.783323	30.202703	30.202703	29.783323	28.977081	27.847383	26.484713	
26.366810	27.621716	28.662687	29.406092	29.792976	29.792976	29.406092	28.662687	27.621716	26.366812	
27.621716	30.028784	32.025497	33.451439	34.193531	34.193531	33.451439	32.025497	30.028784	27.621717	
28.662687	32.025497	34.815022	36.807140	37.843887	37.843887	36.807140	34.815022	32.025497	28.662689	
29.406092	33.451439	36.807140	39.203590	40.450760	40.450760	39.203590	36.807140	33.451439	29.406092	
29.792976	34.193531	37.843887	40.450756	41.807438	41.807438	40.450756	37.843887	34.193531	29.792976	
29.792976	34.193531	37.843887	40.450756	41.807438	41.807438	40.450756	37.843887	34.193531	29.792976	
29.406092	33.451439	36.807140	39.203590	40.450760	40.450760	39.203590	36.807140	33.451439	29.406092	
28.662687	32.025497	34.815022	36.807140	37.843887	37.843887	36.807140	34.815022	32.025497	28.662689	
27.621716	30.028784	32.025497	33.451439	34.193531	34.193531	33.451439	32.025497	30.028784	27.621717	
26.366810	27.621716	28.662687	29.406092	29.792976	29.792976	29.406092	28.662687	27.621716	26.366812	
26.258638	27.414522	28.373770	29.059130	29.415937	29.415937	29.059130	28.373770	27.414524	26.258638	
27.414522	29.631927	31.472107	32.786877	33.471363	33.471363	32.786877	31.472109	29.631929	27.414522	
28.373770	31.472107	34.043354	35.880459	36.836876	36.836876	35.880459	34.043354	31.472107	28.373770	
29.059130	32.786877	35.880459	38.090755	39.241463	39.241463	38.090755	35.880459	32.786877	29.059130	
29.415937	33.471363	36.836880	39.241463	40.493317	40.493317	39.241463	36.836876	33.471363	29.415937	
29.415937	33.471363	36.836880	39.241463	40.493317	40.493317	39.241463	36.836876	33.471363	29.415937	
29.059130	32.786877	35.880459	38.090755	39.241463	39.241463	38.090755	35.880459	32.786877	29.059130	
28.373770	31.472107	34.043354	35.880459	36.836876	36.836876	35.880459	34.043354	31.472107	28.373770	
27.414522	29.631927	31.472107	32.786877	33.471363	33.471363	32.786877	31.472109	29.631929	27.414522	
26.258638	27.414522	28.373770	29.059130	29.415937	29.415937	29.059130	28.373770	27.414524	26.258638	
26.159271	27.224100	28.108055	28.739840	29.068840	29.068840	28.739840	28.108055	27.224100	26.159271	
27.224098	29.267006	30.962904	32.175007	32.806202	32.806198	32.175003	30.962906	29.267006	27.224098	
28.108055	30.962906	33.332832	35.026672	35.908733	35.908730	35.026669	33.332829	30.962906	28.108055	
28.739840	32.175003	35.026669	37.064819	38.126183	38.126179	37.064819	35.026669	32.175003	28.739840	
29.068838	32.806198	35.908733	38.126183	39.280914	39.280914	38.126183	35.908733	32.806198	29.068840	
29.068838	32.806198	35.908733	38.126183	39.280914	39.280914	38.126183	35.908733	32.806198	29.068840	
28.739840	32.175003	35.026669	37.064819	38.126183	38.126179	37.064819	35.026669	32.175003	28.739840	
28.108055	30.962906	33.332832	35.026672	35.908733	35.908730	35.026669	33.332829	30.962906	28.108055	
27.224098	29.267006	30.962904	32.175007	32.806202	32.806198	32.175003	30.962906	29.267006	27.224098	
26.159271	27.224100	28.108055	28.739840	29.068840	29.068840	28.739840	28.108055	27.224100	26.159271	
26.067913	27.048960	27.863550	28.445902	28.749216	28.749216	28.445900	27.863550	27.048960	26.067913	
27.048960	28.931248	30.494169	31.611500	32.193459	32.193459	31.611498	30.494165	28.931248	27.048960	
27.863550	30.494167	32.678448	34.239990	35.053307	35.053307	34.239986	32.678444	30.494167	27.863550	
28.445898	31.611498	34.239986	36.119091	37.097813	37.097813	36.119087	34.239986	31.611498	28.445900	
28.749212	32.193455	35.053307	37.097816	38.162689	38.162689	37.097816	35.053307	32.193455	28.749214	
28.749212	32.193455	35.053307	37.097816	38.162689	38.162689	37.097816	35.053307	32.193455	28.749214	
28.445898	31.611498	34.239986	36.119091	37.097813	37.097813	36.119087	34.239986	31.611498	28.445900	
27.863550	30.494167	32.678448	34.239990	35.053307	35.053307	34.239986	32.678444	30.494167	27.863550	
27.048960	28.931248	30.494169	31.611500	32.193459	32.193459	31.611498	30.494165	28.931248	27.048960	
26.067913	27.048960	27.863550	28.445902	28.749216	28.749216	28.445900	27.863550	27.048960	26.067913	
25.983864	26.887787	27.638464	28.175219	28.454824	28.454824	28.175219	27.638464	26.887789	25.983866	
26.887789	28.622185	30.062546	31.092443	31.628935	31.628935	31.092442	30.062544	28.622185	26.887789	
27.638464	30.062544	32.075661	33.515099	34.264923	34.264919	33.515095	32.075657	30.062544	27.638464	
28.175219	31.092440	33.515095	35.247356	36.149727	36.149727	35.247356	33.515095	31.092440	28.175219	
28.454824	31.628933	34.264923	36.149727	37.131557	37.131557	36.149727	34.264923	31.628933	28.454824	
28.454824	31.628933	34.264923	36.149727	37.131557	37.131557	36.149727	34.264923	31.628933	28.454824	
28.175219	31.092440	33.515095	35.247356	36.149727	36.149727	35.247356	33.515095	31.092440	28.175219	
27.638464	30.062544	32.075661	33.515099	34.264923	34.264919	33.515095	32.075657	30.062544	27.638464	
26.887789	28.622185	30.062546	31.092443	31.628935	31.628935	31.092442	30.062544	28.622185	26.887789	
25.983864	26.887787	27.638464	28.175219	28.454824	28.454824	28.175219	27.638464	26.887789	25.983866	
25.906504	26.739412	27.431196	27.925905	28.183636	28.183636	27.925905	27.431194	26.739412	25.906504	
26.739412	28.337605	29.665009	30.614265	31.108797	31.108797	30.614264	29.665009	28.337605	26.739412	
27.431196	29.665009	31.520336	32.847122	33.538334	33.538334	32.847118	31.520334	29.665009	27.431196	
27.925905	30.614262	32.847118	34.443886	35.275749	35.275749	34.443882	32.847118	30.614262	27.925905	
28.183634	31.108795	33.538334	35.275749	36.180893	36.180893	35.275749	33.538334	31.108795	28.183634	
28.183634	31.108795	33.538334	35.275749	36.180893	36.180893	35.275749	33.538334	31.108795	28.183634	
27.925905	30.614262	32.847118	34.443886	35.275749	35.275749	34.443882	32.847118	30.614262	27.925905	
27.431196	29.665009	31.520336	32.847122	33.538334	33.538334	32.847118	31.520334	29.665009	27.431196	
26.739412	28.337605	29.665009	30.614265	31.108797	31.108797	30.614264	29.665009	28.337605	26.739412	
25.906504	26.739412	27.431196	27.925905	28.183636	28.183636	27.925905	27.431194	26.739412	25.906504	
25.835276	26.602776	27.240294	27.696238	27.933788	27.933788	27.696238	27.240292	26.602777	25.835276	
26.602776	28.075504	29.298809	30.173704	30.629528	30.629528	30.173700	29.298805	28.075504	26.602777	
27.240294	29.298809	31.008688	32.231579	32.868713	32.868713	32.231575	31.008686	29.298807	27.240294	
27.696238	30.173700	32.231575	33.703350	34.470154	34.470154	33.703346	32.231575	30.173700	27.696238	
27.933788	30.629528	32.868710	34.470154	35.304516	35.304516	34.470150	32.868710	30.629526	27.933786	
27.933788	30.629528	32.868710	34.470154	35.304516	35.304516	34.470150	32.868710	30.629526	27.933786	
27.696238	30.173700	32.231575	33.703350	34.470154	34.470154	33.703346	32.231575	30.173700	27.696238	
27.240294	29.298809	31.008688	32.231579	32.868713	32.868713	32.231575	31.008686	29.298807	27.240294	
26.602776	28.075504	29.298809	30.173704	30.629528	30.629528	30.173700	29.298805	28.075504	26.602777	
25.835276	26.602776	27.240294	27.696238	27.933788	27.933788	27.696238	27.240292	26.602777	25.835276	
25.769678	26.476929	27.064436	27.484644	27.703588	27.703588	27.484644	27.064434	26.476929	25.769678	
26.476929	27.834070	28.961435	29.767771	30.187901	30.187899	29.767767	28.961433	27.834070	26.476929	
27.064436	28.961435	30.537254	31.664341	32.251595	32.251595	31.664337	30.537251	28.961433	27.064436	
27.484644	29.767769	31.664339	33.020844	33.727627	33.727627	33.020840	31.664339	29.767769	27.484644	
27.703587	30.187897	32.251591	33.727627	34.496693	34.496693	33.727623	32.251591	30.187897	27.703587	
27.703587	30.187897	32.251591	33.727627	34.496693	34.496693	33.727623	32.251591	30.187897	27.703587	
27.484644	29.767769	31.664339	33.020844	33.727627	33.727627	33.020840	31.664339	29.767769	27.484644	
27.064436	28.961435	30.537254	31.664341	32.251595	32.251595	31.664337	30.537251	28.961433	27.064436	
26.476929	27.834070	28.961435	29.767771	30.187901	30.187899	29.767767	28.961433	27.834070	26.476929	
25.769678	26.476929	27.064436	27.484644	27.703588	27.703588	27.484644	27.064434	26.476929	25.769678	
25.709251	26.360996	26.902422	27.289688	27.491474	27.491474	27.289686	26.902420	26.360998	25.709253	
26.360998	27.611645	28.650593	29.393728	29.780939	29.780939	29.393724	28.650591	27.611643	26.360998	
26.902422	28.650591	30.102848	31.141611	31.682863	31.682863	31.141609	30.102846	28.650591	26.902422	
27.289688	29.393724	31.141609	32.391830	33.043262	33.043262	32.391830	31.141609	29.393724	27.289688	
27.491474	29.780939	31.682861	33.043262	33.752106	33.752106	33.043262	31.682861	29.780939	27.491474	
27.491474	29.780939	31.682861	33.043262	33.752106	33.752106	33.043262	31.682861	29.780939	27.491474	
27.289688	29.393724	31.141609	32.391830	33.043262	33.043262	32.391830	31.141609	29.393724	27.289688	
26.902422	28.650591	30.102848	31.141611	31.682863	31.682863	31.141609	30.102846	28.650591	26.902422	
26.360998	27.611645	28.650593	29.393728	29.780939	29.780939	29.393724	28.650591	27.611643	26.360998	
25.709251	26.360996	26.902422	27.289688	27.491474	27.491474	27.289686	26.902420	26.360998	25.709253	
25.653585	26.254190	26.753145	27.110048	27.296021	27.296021	27.110048	26.753145	26.254189	25.653585	
26.254190	27.406712	28.364176	29.049053	29.405922	29.405920	29.049051	28.364176	27.406712	26.254189	
26.753147	28.364176	29.702551	30.659893	31.158735	31.158733	30.659891	29.702551	28.364176	26.753145	
27.110048	29.049051	30.659893	31.812128	32.412525	32.412525	31.812128	30.659893	29.049053	27.110048	
27.296021	29.405920	31.158733	32.412525	33.065838	33.065838	32.412525	31.158735	29.405920	27.296021	
27.296021	29.405920	31.158733	32.412525	33.065838	33.065838	32.412525	31.158735	29.405920	27.296021	
27.110048	29.049051	30.659893	31.812128	32.412525	32.412525	31.812128	30.659893	29.049053	27.110048	
26.753147	28.364176	29.702551	30.659893	31.158735	31.158733	30.659891	29.702551	28.364176	26.753145	
26.254190	27.406712	28.364176	29.049053	29.405922	29.405920	29.049051	28.364176	27.406712	26.254189	
25.653585	26.254190	26.753145	27.110048	27.296021	27.296021	27.110048	26.753145	26.254189	25.653585	
25.602297	26.155781	26.615601	26.944519	27.115911	27.115911	26.944519	26.615601	26.155779	25.602297	
26.155781	27.217886	28.100258	28.731436	29.060331	29.060329	28.731436	28.100258	27.217884	26.155779	
26.615601	28.100258	29.333675	30.215963	30.675709	30.675707	30.215963	29.333675	28.100258	26.615601	
26.944519	28.731434	30.215965	31.277878	31.831223	31.831223	31.277878	30.215965	28.731436	26.944519	
27.115911	29.060329	30.675709	31.831224	32.433338	32.433338	31.831224	30.675709	29.060329	27.115911	
27.115911	29.060329	30.675709	31.831224	32.433338	32.433338	31.831224	30.675709	29.060329	27.115911	
26.944519	28.731434	30.215965	31.277878	31.831223	31.831223	31.277878	30.215965	28.731436	26.944519	
26.615601	28.100258	29.333675	30.215963	30.675709	30.675707	30.215963	29.333675	28.100258	26.615601	
26.155781	27.217886	28.100258	28.731436	29.060331	29.060329	28.731436	28.100258	27.217884	26.155779	
25.602297	26.155781	26.615601	26.944519	27.115911	27.115911	26.944519	26.615601	26.155779	25.602297	
25.555042	26.065102	26.488857	26.791983	26.949938	26.949938	26.791983	26.488857	26.065102	25.555042	
26.065102	27.043892	27.857059	28.438744	28.741856	28.741856	28.438745	27.857059	27.043890	26.065102	
26.488857	27.857059	28.993750	29.806860	30.230566	30.230566	29.806862	28.993750	27.857059	26.488857	
26.791983	28.438745	29.806860	30.785521	31.295490	31.295488	30.785521	29.806860	28.438744	26.791983	
26.949938	28.741856	30.230566	31.295490	31.850409	31.850409	31.295488	30.230566	28.741856	26.949938	
26.949938	28.741856	30.230566	31.295490	31.850409	31.850409	31.295488	30.230566	28.741856	26.949938	
26.791983	28.438745	29.806860	30.785521	31.295490	31.295488	30.785521	29.806860	28.438744	26.791983	
26.488857	27.857059	28.993750	29.806860	30.230566	30.230566	29.806862	28.993750	27.857059	26.488857	
26.065102	27.043892	27.857059	28.438744	28.741856	28.741856	28.438745	27.857059	27.043890	26.065102	
25.555042	26.065102	26.488857	26.791983	26.949938	26.949938	26.791983	26.488857	26.065102	25.555042	
25.511497	25.981546	26.372063	26.651419	26.796989	26.796988	26.651419	26.372063	25.981546	25.511497	
25.981546	26.883556	27.632948	28.169020	28.448364	28.448364	28.169020	27.632948	26.883556	25.981546	
26.372065	27.632948	28.680492	29.429846	29.820332	29.820332	29.429846	28.680492	27.632948	26.372065	
26.651421	28.169022	29.429848	30.331772	30.801760	30.801758	30.331770	29.429846	28.169020	26.651419	
26.796989	28.448364	29.820332	30.801760	31.313175	31.313173	30.801758	29.820332	28.448364	26.796988	
26.796989	28.448364	29.820332	30.801760	31.313175	31.313173	30.801758	29.820332	28.448364	26.796988	
26.651421	28.169022	29.429848	30.331772	30.801760	30.801758	30.331770	29.429846	28.169020	26.651419	
26.372065	27.632948	28.680492	29.429846	29.820332	29.820332	29.429846	28.680492	27.632948	26.372065	
25.981546	26.883556	27.632948	28.169020	28.448364	28.448364	28.169020	27.632948	26.883556	25.981546	
25.511497	25.981546	26.372063	26.651419	26.796989	26.796988	26.651419	26.372063	25.981546	25.511497	
25.471373	25.904551	26.264439	26.521887	26.656042	26.656040	26.521885	26.264439	25.904551	25.471373	
25.904552	26.735807	27.426422	27.920458	28.177898	28.177896	27.920458	27.426424	26.735807	25.904551	
26.264441	27.426424	28.391813	29.082405	29.442270	29.442270	29.082405	28.391811	27.426422	26.264439	
26.521887	27.920460	29.082405	29.913607	30.346741	30.346741	29.913603	29.082403	27.920458	26.521885	
26.656042	28.177898	29.442270	30.346743	30.818060	30.818058	30.346741	29.442270	28.177895	26.656040	
26.656042	28.177898	29.442270	30.346743	30.818060	30.818058	30.346741	29.442270	28.177895	26.656040	
26.521887	27.920460	29.082405	29.913607	30.346741	30.346741	29.913603	29.082403	27.920458	26.521885	
26.264441	27.426424	28.391813	29.082405	29.442270	29.442270	29.082405	28.391811	27.426422	26.264439	
25.904552	26.735807	27.426422	27.920458	28.177898	28.177896	27.920458	27.426424	26.735807	25.904551	
25.471373	25.904551	26.264439	26.521887	26.656042	26.656040	26.521885	26.264439	25.904551	25.471373	
25.434397	25.833597	26.165258	26.402515	26.526150	26.526150	26.402515	26.165258	25.833597	25.434397	
25.833597	26.599653	27.236103	27.691393	27.928644	27.928644	27.691393	27.236103	26.599651	25.833597	
26.165260	27.236103	28.125780	28.762215	29.093861	29.093861	28.762215	28.125778	27.236103	26.165258	
26.402517	27.691395	28.762217	29.528234	29.927406	29.927406	29.528233	28.762215	27.691393	26.402515	
26.526152	27.928646	29.093861	29.927406	30.361767	30.361765	29.927404	29.093859	27.928644	26.526150	
26.526152	27.928646	29.093861	29.927406	30.361767	30.361765	29.927404	29.093859	27.928644	26.526150	
26.402517	27.691395	28.762217	29.528234	29.927406	29.927406	29.528233	28.762215	27.691393	26.402515	
26.165260	27.236103	28.125780	28.762215	29.093861	29.093861	28.762215	28.125778	27.236103	26.165258	
25.833597	26.599653	27.236103	27.691393	27.928644	27.928644	27.691393	27.236103	26.599651	25.833597	
25.434397	25.833597	26.165258	26.402515	26.526150	26.526150	26.402515	26.165258	25.833597	25.434397	
25.400324	25.768211	26.073860	26.292509	26.406448	26.406448	26.292509	26.073860	25.768211	25.400324	
25.768211	26.474182	27.060715	27.480299	27.698944	27.698944	27.480297	27.060715	26.474180	25.768211	
26.073862	27.060717	27.880615	28.467138	28.772776	28.772776	28.467136	27.880615	27.060715	26.073860	
26.292511	27.480301	28.467140	29.173084	29.540953	29.540953	29.173082	28.467138	27.480297	26.292509	
26.406450	27.698948	28.772778	29.540955	29.941254	29.941252	29.540953	28.772776	27.698944	26.406448	
26.406450	27.698948	28.772778	29.540955	29.941254	29.941252	29.540953	28.772776	27.698944	26.406448	
26.292511	27.480301	28.467140	29.173084	29.540953	29.540953	29.173082	28.467138	27.480297	26.292509	
26.073862	27.060717	27.880615	28.467138	28.772776	28.772776	28.467136	27.880615	27.060715	26.073860	
25.768211	26.474182	27.060715	27.480299	27.698944	27.698944	27.480297	27.060715	26.474180	25.768211	
25.400324	25.768211	26.073860	26.292509	26.406448	26.406448	26.292509	26.073860	25.768211	25.400324	
25.368923	25.707958	25.989632	26.191133	26.296137	26.296137	26.191132	25.989632	25.707956	25.368923	
25.707958	26.358557	26.899086	27.285763	27.487263	27.487263	27.285763	26.899086	26.358553	25.707956	
25.989634	26.899088	27.654682	28.195206	28.476875	28.476875	28.195206	27.654680	26.899086	25.989632	
26.191133	27.285765	28.195208	28.845787	29.184809	29.184809	28.845787	28.195208	27.285763	26.191133	
26.296139	27.487265	28.476877	29.184811	29.553717	29.553715	29.184809	28.476877	27.487263	26.296137	
26.296139	27.487265	28.476877	29.184811	29.553717	29.553715	29.184809	28.476877	27.487263	26.296137	
26.191133	27.285765	28.195208	28.845787	29.184809	29.184809	28.845787	28.195208	27.285763	26.191133	
25.989634	26.899088	27.654682	28.195206	28.476875	28.476875	28.195206	27.654680	26.899086	25.989632	
25.707958	26.358557	26.899086	27.285763	27.487263	27.487263	27.285763	26.899086	26.358553	25.707956	
25.368923	25.707958	25.989632	26.191133	26.296137	26.296137	26.191132	25.989632	25.707956	25.368923	
25.339989	25.652428	25.912012	26.097708	26.194477	26.194477	26.097710	25.912012	25.652428	25.339987	
25.652430	26.251999	26.750135	27.106485	27.292181	27.292181	27.106485	26.750135	26.251997	25.652428	
25.912012	26.750137	27.446470	27.944603	28.204184	28.204184	27.944603	27.446468	26.750135	25.912012	
26.097712	27.106487	27.944603	28.544163	28.856596	28.856594	28.544161	27.944601	27.106483	26.097710	
26.194479	27.292185	28.204182	28.856596	29.196571	29.196569	28.856596	28.204182	27.292181	26.194479	
26.194479	27.292185	28.204182	28.856596	29.196571	29.196569	28.856596	28.204182	27.292181	26.194479	
26.097712	27.106487	27.944603	28.544163	28.856596	28.856594	28.544161	27.944601	27.106483	26.097710	
25.912012	26.750137	27.446470	27.944603	28.204184	28.204184	27.944603	27.446468	26.750135	25.912012	
25.652430	26.251999	26.750135	27.106485	27.292181	27.292181	27.106485	26.750135	26.251997	25.652428	
25.339989	25.652428	25.912012	26.097708	26.194477	26.194477	26.097710	25.912012	25.652428	25.339987	
25.313320	25.601255	25.840481	26.011614	26.100792	26.100792	26.011614	25.840481	25.601255	25.313320	
25.601257	26.153801	26.612869	26.941271	27.112404	27.112404	26.941271	26.612867	26.153799	25.601255	
25.840481	26.612869	27.254589	27.713655	27.952875	27.952875	27.713654	27.254589	26.612869	25.840481	
26.011616	26.941273	27.713655	28.266191	28.554123	28.554123	28.266190	27.713654	26.941271	26.011614	
26.100794	27.112406	27.952875	28.554123	28.867435	28.867435	28.554123	27.952875	27.112404	26.100794	
26.100794	27.112406	27.952875	28.554123	28.867435	28.867435	28.554123	27.952875	27.112404	26.100794	
26.011616	26.941273	27.713655	28.266191	28.554123	28.554123	28.266190	27.713654	26.941271	26.011614	
25.840481	26.612869	27.254589	27.713655	27.952875	27.952875	27.713654	27.254589	26.612869	25.840481	
25.601257	26.153801	26.612869	26.941271	27.112404	27.112404	26.941271	26.612867	26.153799	25.601255	
25.313320	25.601255	25.840481	26.011614	26.100792	26.100792	26.011614	25.840481	25.601255	25.313320	
25.288746	25.554098	25.774561	25.932270	26.014454	26.014454	25.932272	25.774561	25.554098	25.288746	
25.554098	26.063305	26.486370	26.789015	26.946724	26.946724	26.789013	26.486368	26.063305	25.554098	
25.774561	26.486368	27.077759	27.500820	27.721279	27.721279	27.500818	27.077759	26.486370	25.774561	
25.932274	26.789017	27.500820	28.010023	28.275372	28.275372	28.010021	27.500818	26.789015	25.932272	
26.014458	26.946726	27.721279	28.275372	28.564112	28.564112	28.275372	27.721279	26.946726	26.014456	
26.014458	26.946726	27.721279	28.275372	28.564112	28.564112	28.275372	27.721279	26.946726	26.014456	
