Initial state:
25.000 25.000 25.000 25.000 25.000 25.000 25.000 25.000 25.000 25.000 25.000 25.000 25.000 25.000 25.000 25.000 25.000 25.000 25.000 25.000 
25.000 25.000 25.000 25.000 25.000 25.000 25.000 25.000 25.000 25.000 25.000 25.000 25.000 25.000 25.000 25.000 25.000 25.000 25.000 25.000 
25.000 25.000 25.000 25.000 25.000 25.000 25.000 25.000 25.000 25.000 25.000 25.000 25.000 25.000 25.000 25.000 25.000 25.000 25.000 25.000 
25.000 25.000 25.000 25.000 25.000 25.000 25.000 25.000 25.000 25.000 25.000 25.000 25.000 25.000 25.000 25.000 25.000 25.000 25.000 25.000 
25.000 25.000 25.000 25.000 25.000 25.000 25.000 25.000 25.000 25.000 25.000 25.000 25.000 25.000 25.000 25.000 25.000 25.000 25.000 25.000 
25.000 25.000 25.000 25.000 25.000 80.000 80.000 80.000 80.000 80.000 80.000 80.000 80.000 80.000 80.000 25.000 25.000 25.000 25.000 25.000 
25.000 25.000 25.000 25.000 25.000 80.000 80.000 80.000 80.000 80.000 80.000 80.000 80.000 80.000 80.000 25.000 25.000 25.000 25.000 25.000 
25.000 25.000 25.000 25.000 25.000 80.000 80.000 80.000 80.000 80.000 80.000 80.000 80.000 80.000 80.000 25.000 25.000 25.000 25.000 25.000 
25.000 25.000 25.000 25.000 25.000 80.000 80.000 80.000 80.000 80.000 80.000 80.000 80.000 80.000 80.000 25.000 25.000 25.000 25.000 25.000 
25.000 25.000 25.000 25.000 25.000 80.000 80.000 80.000 80.000 80.000 80.000 80.000 80.000 80.000 80.000 25.000 25.000 25.000 25.000 25.000 
25.000 25.000 25.000 25.000 25.000 80.000 80.000 80.000 80.000 80.000 80.000 80.000 80.000 80.000 80.000 25.000 25.000 25.000 25.000 25.000 
25.000 25.000 25.000 25.000 25.000 80.000 80.000 80.000 80.000 80.000 80.000 80.000 80.000 80.000 80.000 25.000 25.000 25.000 25.000 25.000 
25.000 25.000 25.000 25.000 25.000 80.000 80.000 80.000 80.000 80.000 80.000 80.000 80.000 80.000 80.000 25.000 25.000 25.000 25.000 25.000 
25.000 25.000 25.000 25.000 25.000 80.000 80.000 80.000 80.000 80.000 80.000 80.000 80.000 80.000 80.000 25.000 25.000 25.000 25.000 25.000 
25.000 25.000 25.000 25.000 25.000 80.000 80.000 80.000 80.000 80.000 80.000 80.000 80.000 80.000 80.000 25.000 25.000 25.000 25.000 25.000 
25.000 25.000 25.000 25.000 25.000 25.000 25.000 25.000 25.000 25.000 25.000 25.000 25.000 25.000 25.000 25.000 25.000 25.000 25.000 25.000 
25.000 25.000 25.000 25.000 25.000 25.000 25.000 25.000 25.000 25.000 25.000 25.000 25.000 25.000 25.000 25.000 25.000 25.000 25.000 25.000 
25.000 25.000 25.000 25.000 25.000 25.000 25.000 25.000 25.000 25.000 25.000 25.000 25.000 25.000 25.000 25.000 25.000 25.000 25.000 25.000 
25.000 25.000 25.000 25.000 25.000 25.000 25.000 25.000 25.000 25.000 25.000 25.000 25.000 25.000 25.000 25.000 25.000 25.000 25.000 25.000 
25.000 25.000 25.000 25.000 25.000 25.000 25.000 25.000 25.000 25.000 25.000 25.000 25.000 25.000 25.000 25.000 25.000 25.000 25.000 25.000 

Final state (OMP):
25.350 25.695 26.027 26.341 26.629 26.885 27.101 27.269 27.385 27.444 27.444 27.385 27.269 27.101 26.885 26.629 26.341 26.027 25.695 25.350 
25.695 26.377 27.037 27.660 28.232 28.739 29.166 29.501 29.731 29.848 29.848 29.731 29.501 29.166 28.739 28.232 27.660 27.037 26.377 25.695 
26.027 27.037 28.012 28.933 29.779 30.528 31.161 31.655 31.995 32.169 32.169 31.995 31.655 31.161 30.528 29.779 28.933 28.012 27.037 26.027 
26.341 27.660 28.933 30.135 31.240 32.219 33.044 33.690 34.134 34.360 34.360 34.134 33.690 33.044 32.219 31.240 30.135 28.933 27.660 26.341 
26.629 28.232 29.779 31.240 32.582 33.772 34.775 35.559 36.099 36.374 36.374 36.099 35.559 34.775 33.772 32.582 31.240 29.779 28.232 26.629 
26.885 28.739 30.528 32.219 33.772 35.148 36.309 37.216 37.840 38.158 38.158 37.840 37.216 36.309 35.148 33.772 32.219 30.528 28.739 26.885 
27.101 29.166 31.161 33.044 34.775 36.309 37.602 38.613 39.309 39.663 39.663 39.309 38.613 37.602 36.309 34.775 33.044 31.161 29.166 27.101 
27.269 29.501 31.655 33.690 35.559 37.216 38.613 39.706 40.457 40.840 40.840 40.457 39.706 38.613 37.216 35.559 33.690 31.655 29.501 27.269 
27.385 29.731 31.995 34.134 36.099 37.840 39.309 40.457 41.247 41.649 41.649 41.247 40.457 39.309 37.840 36.099 34.134 31.995 29.731 27.385 
27.444 29.848 32.169 34.360 36.374 38.158 39.663 40.840 41.649 42.061 42.061 41.649 40.840 39.663 38.158 36.374 34.360 32.169 29.848 27.444 
27.444 29.848 32.169 34.360 36.374 38.158 39.663 40.840 41.649 42.061 42.061 41.649 40.840 39.663 38.158 36.374 34.360 32.169 29.848 27.444 
27.385 29.731 31.995 34.134 36.099 37.840 39.309 40.457 41.247 41.649 41.649 41.247 40.457 39.309 37.840 36.099 34.134 31.995 29.731 27.385 
27.269 29.501 31.655 33.690 35.559 37.216 38.613 39.706 40.457 40.840 40.840 40.457 39.706 38.613 37.216 35.559 33.690 31.655 29.501 27.269 
27.101 29.166 31.161 33.044 34.775 36.309 37.602 38.613 39.309 39.663 39.663 39.309 38.613 37.602 36.309 34.775 33.044 31.161 29.166 27.101 
26.885 28.739 30.528 32.219 33.772 35.148 36.309 37.216 37.840 38.158 38.158 37.840 37.216 36.309 35.148 33.772 32.219 30.528 28.739 26.885 
26.629 28.232 29.779 31.240 32.582 33.772 34.775 35.559 36.099 36.374 36.374 36.099 35.559 34.775 33.772 32.582 31.240 29.779 28.232 26.629 
26.341 27.660 28.933 30.135 31.240 32.219 33.044 33.690 34.134 34.360 34.360 34.134 33.690 33.044 32.219 31.240 30.135 28.933 27.660 26.341 
26.027 27.037 28.012 28.933 29.779 30.528 31.161 31.655 31.995 32.169 32.169 31.995 31.655 31.161 30.528 29.779 28.933 28.012 27.037 26.027 
25.695 26.377 27.037 27.660 28.232 28.739 29.166 29.501 29.731 29.848 29.848 29.731 29.501 29.166 28.739 28.232 27.660 27.037 26.377 25.695 
25.350 25.695 26.027 26.341 26.629 26.885 27.101 27.269 27.385 27.444 27.444 27.385 27.269 27.101 26.885 26.629 26.341 26.027 25.695 25.350 

dC(1-1)=
0.000 0.000 0.000 0.000 0.000 0.000 0.000 0.000 0.000 0.000 0.000 0.000 0.000 0.000 0.000 0.000 0.000 0.000 0.000 0.000 
0.000 0.000 0.000 0.000 0.000 0.000 0.000 0.000 0.000 0.000 0.000 0.000 0.000 0.000 0.000 0.000 0.000 0.000 0.000 0.000 
0.000 0.000 0.000 0.000 0.000 0.000 0.000 0.000 0.000 0.000 0.000 0.000 0.000 0.000 0.000 0.000 0.000 0.000 0.000 0.000 
0.000 0.000 0.000 0.000 0.000 0.000 0.000 0.000 0.000 0.000 0.000 0.000 0.000 0.000 0.000 0.000 0.000 0.000 0.000 0.000 
0.000 0.000 0.000 0.000 0.000 0.000 0.000 0.000 0.000 0.000 0.000 0.000 0.000 0.000 0.000 0.000 0.000 0.000 0.000 0.000 

dC(1-2)=
0.000 0.000 0.000 0.000 0.000 0.000 0.000 0.000 0.000 0.000 0.000 0.000 0.000 0.000 0.000 0.000 0.000 0.000 0.000 0.000 
0.000 0.000 0.000 0.000 0.000 0.000 0.000 0.000 0.000 0.000 0.000 0.000 0.000 0.000 0.000 0.000 0.000 0.000 0.000 0.000 
0.000 0.000 0.000 0.000 0.000 0.000 0.000 0.000 0.000 0.000 0.000 0.000 0.000 0.000 0.000 0.000 0.000 0.000 0.000 0.000 
0.000 0.000 0.000 0.000 0.000 0.000 0.000 0.000 0.000 0.000 0.000 0.000 0.000 0.000 0.000 0.000 0.000 0.000 0.000 0.000 
0.000 0.000 0.000 0.000 0.000 550.000 550.000 550.000 550.000 550.000 550.000 550.000 550.000 550.000 550.000 0.000 0.000 0.000 0.000 0.000 

dC(1-1)=
0.000 0.000 0.000 0.000 0.000 0.000 0.000 0.000 0.000 0.000 0.000 0.000 0.000 0.000 0.000 0.000 0.000 0.000 0.000 0.000 
0.000 0.000 0.000 0.000 0.000 0.000 0.000 0.000 0.000 0.000 0.000 0.000 0.000 0.000 0.000 0.000 0.000 0.000 0.000 0.000 
0.000 0.000 0.000 0.000 0.000 0.000 0.000 0.000 0.000 0.000 0.000 0.000 0.000 0.000 0.000 0.000 0.000 0.000 0.000 0.000 
0.000 0.000 0.000 0.000 0.000 0.000 0.000 0.000 0.000 0.000 0.000 0.000 0.000 0.000 0.000 0.000 0.000 0.000 0.000 0.000 
0.000 0.000 0.000 0.000 0.000 550.000 550.000 550.000 550.000 550.000 550.000 550.000 550.000 550.000 550.000 0.000 0.000 0.000 0.000 0.000 

dC(1-2)=
0.000 0.000 0.000 0.000 0.000 0.000 0.000 0.000 0.000 0.000 0.000 0.000 0.000 0.000 0.000 0.000 0.000 0.000 0.000 0.000 
0.000 0.000 0.000 0.000 0.000 0.000 0.000 0.000 0.000 0.000 0.000 0.000 0.000 0.000 0.000 0.000 0.000 0.000 0.000 0.000 
0.000 0.000 0.000 0.000 0.000 0.000 0.000 0.000 0.000 0.000 0.000 0.000 0.000 0.000 0.000 0.000 0.000 0.000 0.000 0.000 
0.000 0.000 0.000 0.000 0.000 55.000 55.000 55.000 55.000 55.000 55.000 55.000 55.000 55.000 55.000 0.000 0.000 0.000 0.000 0.000 
0.000 0.000 0.000 0.000 110.000 275.000 385.000 385.000 385.000 385.000 385.000 385.000 385.000 385.000 275.000 110.000 0.000 0.000 0.000 0.000 

dC(1-1)=
0.000 0.000 0.000 0.000 0.000 0.000 0.000 0.000 0.000 0.000 0.000 0.000 0.000 0.000 0.000 0.000 0.000 0.000 0.000 0.000 
0.000 0.000 0.000 0.000 0.000 0.000 0.000 0.000 0.000 0.000 0.000 0.000 0.000 0.000 0.000 0.000 0.000 0.000 0.000 0.000 
0.000 0.000 0.000 0.000 0.000 0.000 0.000 0.000 0.000 0.000 0.000 0.000 0.000 0.000 0.000 0.000 0.000 0.000 0.000 0.000 
0.000 0.000 0.000 0.000 0.000 55.000 55.000 55.000 55.000 55.000 55.000 55.000 55.000 55.000 55.000 0.000 0.000 0.000 0.000 0.000 
0.000 0.000 0.000 0.000 110.000 275.000 385.000 385.000 385.000 385.000 385.000 385.000 385.000 385.000 275.000 110.000 0.000 0.000 0.000 0.000 

dC(1-2)=
0.000 0.000 0.000 0.000 0.000 0.000 0.000 0.000 0.000 0.000 0.000 0.000 0.000 0.000 0.000 0.000 0.000 0.000 0.000 0.000 
0.000 0.000 0.000 0.000 0.000 0.000 0.000 0.000 0.000 0.000 0.000 0.000 0.000 0.000 0.000 0.000 0.000 0.000 0.000 0.000 
0.000 0.000 0.000 0.000 0.000 5.500 5.500 5.500 5.500 5.500 5.500 5.500 5.500 5.500 5.500 0.000 0.000 0.000 0.000 0.000 
0.000 0.000 0.000 0.000 16.500 66.000 82.500 82.500 82.500 82.500 82.500 82.500 82.500 82.500 66.000 16.500 0.000 0.000 0.000 0.000 
0.000 0.000 0.000 16.500 121.000 154.000 258.500 275.000 275.000 275.000 275.000 275.000 275.000 258.500 154.000 121.000 16.500 0.000 0.000 0.000 

dC(1-1)=
0.000 0.000 0.000 0.000 0.000 0.000 0.000 0.000 0.000 0.000 0.000 0.000 0.000 0.000 0.000 0.000 0.000 0.000 0.000 0.000 
0.000 0.000 0.000 0.000 0.000 0.000 0.000 0.000 0.000 0.000 0.000 0.000 0.000 0.000 0.000 0.000 0.000 0.000 0.000 0.000 
0.000 0.000 0.000 0.000 0.000 5.500 5.500 5.500 5.500 5.500 5.500 5.500 5.500 5.500 5.500 0.000 0.000 0.000 0.000 0.000 
0.000 0.000 0.000 0.000 16.500 66.000 82.500 82.500 82.500 82.500 82.500 82.500 82.500 82.500 66.000 16.500 0.000 0.000 0.000 0.000 
0.000 0.000 0.000 16.500 121.000 154.000 258.500 275.000 275.000 275.000 275.000 275.000 275.000 258.500 154.000 121.000 16.500 0.000 0.000 0.000 

dC(1-2)=
0.000 0.000 0.000 0.000 0.000 0.000 0.000 0.000 0.000 0.000 0.000 0.000 0.000 0.000 0.000 0.000 0.000 0.000 0.000 0.000 
0.000 0.000 0.000 0.000 0.000 0.550 0.550 0.550 0.550 0.550 0.550 0.550 0.550 0.550 0.550 0.000 0.000 0.000 0.000 0.000 
0.000 0.000 0.000 0.000 2.200 10.450 12.650 12.650 12.650 12.650 12.650 12.650 12.650 12.650 10.450 2.200 0.000 0.000 0.000 0.000 
0.000 0.000 0.000 3.300 28.600 65.450 90.750 94.050 94.050 94.050 94.050 94.050 94.050 90.750 65.450 28.600 3.300 0.000 0.000 0.000 
0.000 0.000 2.200 28.600 106.700 94.050 172.150 198.550 200.750 200.750 200.750 200.750 198.550 172.150 94.050 106.700 28.600 2.200 0.000 0.000 

dC(1-1)=
0.000 0.000 0.000 0.000 0.000 0.000 0.000 0.000 0.000 0.000 0.000 0.000 0.000 0.000 0.000 0.000 0.000 0.000 0.000 0.000 
0.000 0.000 0.000 0.000 0.000 0.550 0.550 0.550 0.550 0.550 0.550 0.550 0.550 0.550 0.550 0.000 0.000 0.000 0.000 0.000 
0.000 0.000 0.000 0.000 2.200 10.450 12.650 12.650 12.650 12.650 12.650 12.650 12.650 12.650 10.450 2.200 0.000 0.000 0.000 0.000 
0.000 0.000 0.000 3.300 28.600 65.450 90.750 94.050 94.050 94.050 94.050 94.050 94.050 90.750 65.450 28.600 3.300 0.000 0.000 0.000 
0.000 0.000 2.200 28.600 106.700 94.050 172.150 198.550 200.750 200.750 200.750 200.750 198.550 172.150 94.050 106.700 28.600 2.200 0.000 0.000 

dC(1-2)=
0.000 0.000 0.000 0.000 0.000 0.055 0.055 0.055 0.055 0.055 0.055 0.055 0.055 0.055 0.055 0.000 0.000 0.000 0.000 0.000 
0.000 0.000 0.000 0.000 0.275 1.430 1.705 1.705 1.705 1.705 1.705 1.705 1.705 1.705 1.430 0.275 0.000 0.000 0.000 0.000 
0.000 0.000 0.000 0.550 5.225 14.355 19.030 19.580 19.580 19.580 19.580 19.580 19.580 19.030 14.355 5.225 0.550 0.000 0.000 0.000 
0.000 0.000 0.550 7.700 34.925 61.655 88.880 96.030 96.580 96.580 96.580 96.580 96.030 88.880 61.655 34.925 7.700 0.550 0.000 0.000 
0.000 0.275 5.225 34.925 88.550 61.380 115.005 144.705 149.655 149.930 149.930 149.655 144.705 115.005 61.380 88.550 34.925 5.225 0.275 0.000 

dC(1-1)=
0.000 0.000 0.000 0.000 0.000 0.055 0.055 0.055 0.055 0.055 0.055 0.055 0.055 0.055 0.055 0.000 0.000 0.000 0.000 0.000 
0.000 0.000 0.000 0.000 0.275 1.430 1.705 1.705 1.705 1.705 1.705 1.705 1.705 1.705 1.430 0.275 0.000 0.000 0.000 0.000 
0.000 0.000 0.000 0.550 5.225 14.355 19.030 19.580 19.580 19.580 19.580 19.580 19.580 19.030 14.355 5.225 0.550 0.000 0.000 0.000 
0.000 0.000 0.550 7.700 34.925 61.655 88.880 96.030 96.580 96.580 96.580 96.580 96.030 88.880 61.655 34.925 7.700 0.550 0.000 0.000 
0.000 0.275 5.225 34.925 88.550 61.380 115.005 144.705 149.655 149.930 149.930 149.655 144.705 115.005 61.380 88.550 34.925 5.225 0.275 0.000 

dC(1-2)=
0.000 0.000 0.000 0.000 0.033 0.182 0.215 0.215 0.215 0.215 0.215 0.215 0.215 0.215 0.182 0.033 0.000 0.000 0.000 0.000 
0.000 0.000 0.000 0.083 0.830 2.497 3.245 3.327 3.327 3.327 3.327 3.327 3.327 3.245 2.497 0.830 0.083 0.000 0.000 0.000 
0.000 0.000 0.110 1.622 8.146 17.347 23.870 25.383 25.493 25.493 25.493 25.493 25.383 23.870 17.347 8.146 1.622 0.110 0.000 0.000 
0.000 0.082 1.622 11.715 37.268 56.947 82.500 92.592 94.133 94.215 94.215 94.133 92.592 82.500 56.947 37.268 11.715 1.622 0.083 0.000 
0.033 0.830 8.146 37.268 72.391 42.218 77.341 106.463 113.778 114.576 114.576 113.778 106.463 77.341 42.218 72.391 37.268 8.146 0.830 0.033 

dC(1-1)=
0.000 0.000 0.000 0.000 0.033 0.182 0.215 0.215 0.215 0.215 0.215 0.215 0.215 0.215 0.182 0.033 0.000 0.000 0.000 0.000 
0.000 0.000 0.000 0.083 0.830 2.497 3.245 3.327 3.327 3.327 3.327 3.327 3.327 3.245 2.497 0.830 0.083 0.000 0.000 0.000 
0.000 0.000 0.110 1.622 8.146 17.347 23.870 25.383 25.493 25.493 25.493 25.493 25.383 23.870 17.347 8.146 1.622 0.110 0.000 0.000 
0.000 0.082 1.622 11.715 37.268 56.947 82.500 92.592 94.133 94.215 94.215 94.133 92.592 82.500 56.947 37.268 11.715 1.622 0.083 0.000 
0.033 0.830 8.146 37.268 72.391 42.218 77.341 106.463 113.778 114.576 114.576 113.778 106.463 77.341 42.218 72.391 37.268 8.146 0.830 0.033 

dC(1-2)=
0.000 0.000 0.000 0.012 0.121 0.383 0.493 0.504 0.504 0.504 0.504 0.504 0.504 0.493 0.383 0.121 0.012 0.000 0.000 0.000 
0.000 0.000 0.019 0.295 1.574 3.659 4.938 5.213 5.233 5.233 5.233 5.233 5.213 4.938 3.659 1.574 0.295 0.019 0.000 0.000 
0.000 0.019 0.391 2.979 10.594 19.554 27.169 29.758 30.129 30.148 30.148 30.129 29.758 27.169 19.554 10.594 2.979 0.390 0.019 0.000 
0.012 0.295 2.979 14.807 37.281 52.102 74.575 86.403 89.087 89.371 89.371 89.087 86.403 74.575 52.102 37.281 14.807 2.979 0.295 0.012 
0.121 1.574 10.594 37.281 59.332 30.316 52.367 79.054 88.074 89.523 89.523 88.074 79.054 52.367 30.316 59.332 37.281 10.594 1.574 0.121 

dC(1-1)=
0.000 0.000 0.000 0.012 0.121 0.383 0.493 0.504 0.504 0.504 0.504 0.504 0.504 0.493 0.383 0.121 0.012 0.000 0.000 0.000 
0.000 0.000 0.019 0.295 1.574 3.659 4.938 5.213 5.233 5.233 5.233 5.233 5.213 4.938 3.659 1.574 0.295 0.019 0.000 0.000 
0.000 0.019 0.391 2.979 10.594 19.554 27.169 29.758 30.129 30.148 30.148 30.129 29.758 27.169 19.554 10.594 2.979 0.390 0.019 0.000 
0.012 0.295 2.979 14.807 37.281 52.102 74.575 86.403 89.087 89.371 89.371 89.087 86.403 74.575 52.102 37.281 14.807 2.979 0.295 0.012 
0.121 1.574 10.594 37.281 59.332 30.316 52.367 79.054 88.074 89.523 89.523 88.074 79.054 52.367 30.316 59.332 37.281 10.594 1.574 0.121 

dC(1-2)=
0.000 0.000 0.003 0.049 0.270 0.657 0.878 0.924 0.927 0.927 0.927 0.927 0.924 0.878 0.657 0.269 0.049 0.003 0.000 0.000 
0.000 0.004 0.080 0.635 2.411 4.840 6.616 7.171 7.248 7.251 7.251 7.248 7.171 6.616 4.840 2.411 0.635 0.080 0.004 0.000 
0.003 0.080 0.834 4.396 12.495 21.085 29.184 32.746 33.500 33.577 33.577 33.500 32.746 29.184 21.085 12.495 4.396 0.834 0.080 0.003 
0.049 0.635 4.396 16.936 36.052 47.433 66.549 79.089 82.850 83.435 83.435 82.850 79.089 66.549 47.433 36.052 16.936 4.396 0.635 0.049 
0.270 2.411 12.495 36.052 49.118 22.573 35.640 59.196 69.280 71.405 71.405 69.280 59.196 35.640 22.573 49.118 36.052 12.495 2.411 0.270 

dC(1-1)=
0.000 0.000 0.003 0.049 0.270 0.657 0.878 0.924 0.927 0.927 0.927 0.927 0.924 0.878 0.657 0.269 0.049 0.003 0.000 0.000 
0.000 0.004 0.080 0.635 2.411 4.840 6.616 7.171 7.248 7.251 7.251 7.248 7.171 6.616 4.840 2.411 0.635 0.080 0.004 0.000 
0.003 0.080 0.834 4.396 12.495 21.085 29.184 32.746 33.500 33.577 33.577 33.500 32.746 29.184 21.085 12.495 4.396 0.834 0.080 0.003 
0.049 0.635 4.396 16.936 36.052 47.433 66.549 79.089 82.850 83.435 83.435 82.850 79.089 66.549 47.433 36.052 16.936 4.396 0.635 0.049 
0.270 2.411 12.495 36.052 49.118 22.573 35.640 59.196 69.280 71.405 71.405 69.280 59.196 35.640 22.573 49.118 36.052 12.495 2.411 0.270 

dC(1-2)=
0.000 0.001 0.015 0.120 0.473 0.993 1.347 1.452 1.466 1.467 1.467 1.466 1.452 1.347 0.993 0.473 0.120 0.015 0.001 0.000 
0.001 0.018 0.196 1.075 3.271 5.981 8.177 9.056 9.233 9.251 9.251 9.233 9.056 8.177 5.981 3.271 1.075 0.196 0.018 0.001 
0.015 0.196 1.395 5.728 13.892 22.046 30.210 34.542 35.742 35.923 35.923 35.742 34.542 30.210 22.046 13.892 5.728 1.396 0.196 0.015 
0.120 1.075 5.728 18.251 34.229 43.086 59.064 71.588 76.240 77.188 77.188 76.240 71.588 59.064 43.086 34.229 18.251 5.728 1.075 0.120 
0.473 3.271 13.892 34.229 41.196 17.337 24.303 44.641 55.260 58.015 58.015 55.260 44.641 24.303 17.337 41.196 34.229 13.892 3.271 0.473 

dC(1-1)=
0.000 0.001 0.015 0.120 0.473 0.993 1.347 1.452 1.466 1.467 1.467 1.466 1.452 1.347 0.993 0.473 0.120 0.015 0.001 0.000 
0.001 0.018 0.196 1.075 3.271 5.981 8.177 9.056 9.233 9.251 9.251 9.233 9.056 8.177 5.981 3.271 1.075 0.196 0.018 0.001 
0.015 0.196 1.395 5.728 13.892 22.046 30.210 34.542 35.742 35.923 35.923 35.742 34.542 30.210 22.046 13.892 5.728 1.396 0.196 0.015 
0.120 1.075 5.728 18.251 34.229 43.086 59.064 71.588 76.240 77.188 77.188 76.240 71.588 59.064 43.086 34.229 18.251 5.728 1.075 0.120 
0.473 3.271 13.892 34.229 41.196 17.337 24.303 44.641 55.260 58.015 58.015 55.260 44.641 24.303 17.337 41.196 34.229 13.892 3.271 0.473 

dC(1-2)=
0.000 0.004 0.041 0.228 0.723 1.376 1.870 2.058 2.095 2.098 2.098 2.095 2.058 1.870 1.376 0.723 0.228 0.041 0.004 0.000 
0.004 0.050 0.368 1.576 4.105 7.037 9.566 10.774 11.092 11.138 11.138 11.092 10.774 9.566 7.037 4.105 1.576 0.368 0.050 0.004 
0.041 0.368 2.022 6.898 14.862 22.545 30.509 35.385 37.039 37.364 37.364 37.039 35.385 30.509 22.545 14.862 6.898 2.022 0.368 0.041 
0.228 1.576 6.898 18.942 32.180 39.119 52.357 64.401 69.722 71.049 71.049 69.722 64.401 52.357 39.119 32.180 18.942 6.898 1.576 0.228 
0.722 4.105 14.862 32.180 35.031 13.674 16.524 33.842 44.593 47.891 47.891 44.593 33.842 16.524 13.674 35.031 32.180 14.862 4.105 0.722 

dC(1-1)=
0.000 0.004 0.041 0.228 0.723 1.376 1.870 2.058 2.095 2.098 2.098 2.095 2.058 1.870 1.376 0.723 0.228 0.041 0.004 0.000 
0.004 0.050 0.368 1.576 4.105 7.037 9.566 10.774 11.092 11.138 11.138 11.092 10.774 9.566 7.037 4.105 1.576 0.368 0.050 0.004 
0.041 0.368 2.022 6.898 14.862 22.545 30.509 35.385 37.039 37.364 37.364 37.039 35.385 30.509 22.545 14.862 6.898 2.022 0.368 0.041 
0.228 1.576 6.898 18.942 32.180 39.119 52.357 64.401 69.722 71.049 71.049 69.722 64.401 52.357 39.119 32.180 18.942 6.898 1.576 0.228 
0.722 4.105 14.862 32.180 35.031 13.674 16.524 33.842 44.593 47.891 47.891 44.593 33.842 16.524 13.674 35.031 32.180 14.862 4.105 0.722 

dC(1-2)=
0.001 0.011 0.084 0.371 1.004 1.789 2.422 2.709 2.782 2.792 2.792 2.782 2.709 2.422 1.789 1.004 0.371 0.084 0.011 0.001 
0.011 0.104 0.590 2.106 4.883 7.981 10.758 12.275 12.760 12.852 12.852 12.760 12.275 10.758 7.981 4.883 2.106 0.590 0.104 0.011 
0.084 0.590 2.666 7.879 15.490 22.680 30.291 35.503 37.580 38.077 38.077 37.580 35.503 30.291 22.680 15.490 7.879 2.666 0.590 0.084 
0.371 2.106 7.879 19.181 30.104 35.547 46.470 57.771 63.541 65.232 65.232 63.542 57.771 46.470 35.547 30.104 19.181 7.879 2.106 0.371 
1.004 4.883 15.490 30.103 30.189 11.034 11.119 25.732 36.326 40.060 40.060 36.326 25.732 11.119 11.034 30.189 30.103 15.490 4.883 1.004 

dC(1-1)=
0.001 0.011 0.084 0.371 1.004 1.789 2.422 2.709 2.782 2.792 2.792 2.782 2.709 2.422 1.789 1.004 0.371 0.084 0.011 0.001 
0.011 0.104 0.590 2.106 4.883 7.981 10.758 12.275 12.760 12.852 12.852 12.760 12.275 10.758 7.981 4.883 2.106 0.590 0.104 0.011 
0.084 0.590 2.666 7.879 15.490 22.680 30.291 35.503 37.580 38.077 38.077 37.580 35.503 30.291 22.680 15.490 7.879 2.666 0.590 0.084 
0.371 2.106 7.879 19.181 30.104 35.547 46.470 57.771 63.541 65.232 65.232 63.542 57.771 46.470 35.547 30.104 19.181 7.879 2.106 0.371 
1.004 4.883 15.490 30.103 30.189 11.034 11.119 25.732 36.326 40.060 40.060 36.326 25.732 11.119 11.034 30.189 30.103 15.490 4.883 1.004 

dC(1-2)=
0.003 0.026 0.148 0.542 1.307 2.214 2.979 3.373 3.495 3.518 3.518 3.495 3.373 2.979 2.214 1.307 0.542 0.148 0.026 0.003 
0.026 0.183 0.850 2.636 5.588 8.800 11.752 13.538 14.205 14.359 14.359 14.205 13.538 11.752 8.800 5.588 2.636 0.850 0.183 0.026 
0.148 0.850 3.293 8.672 15.848 22.539 29.716 35.094 37.536 38.221 38.221 37.536 35.094 29.716 22.539 15.849 8.672 3.294 0.850 0.148 
0.542 2.636 8.672 19.105 28.103 32.357 41.355 51.788 57.816 59.830 59.830 57.816 51.788 41.355 32.357 28.103 19.105 8.672 2.635 0.542 
1.307 5.588 15.848 28.103 26.341 9.080 7.318 19.570 29.805 33.865 33.865 29.805 19.570 7.318 9.080 26.341 28.103 15.848 5.588 1.307 

dC(1-1)=
0.003 0.026 0.148 0.542 1.307 2.214 2.979 3.373 3.495 3.518 3.518 3.495 3.373 2.979 2.214 1.307 0.542 0.148 0.026 0.003 
0.026 0.183 0.850 2.636 5.588 8.800 11.752 13.538 14.205 14.359 14.359 14.205 13.538 11.752 8.800 5.588 2.636 0.850 0.183 0.026 
0.148 0.850 3.293 8.672 15.848 22.539 29.716 35.094 37.536 38.221 38.221 37.536 35.094 29.716 22.539 15.849 8.672 3.294 0.850 0.148 
0.542 2.636 8.672 19.105 28.103 32.357 41.355 51.788 57.816 59.830 59.830 57.816 51.788 41.355 32.357 28.103 19.105 8.672 2.635 0.542 
1.307 5.588 15.848 28.103 26.341 9.080 7.318 19.570 29.805 33.865 33.865 29.805 19.570 7.318 9.080 26.341 28.103 15.848 5.588 1.307 

dC(1-2)=
0.007 0.049 0.230 0.734 1.618 2.637 3.521 4.025 4.207 4.248 4.248 4.207 4.025 3.521 2.637 1.618 0.734 0.230 0.049 0.007 
0.049 0.285 1.136 3.146 6.212 9.489 12.554 14.565 15.415 15.646 15.646 15.415 14.565 12.554 9.489 6.212 3.146 1.136 0.285 0.049 
0.230 1.136 3.880 9.291 15.999 22.195 28.903 34.314 37.055 37.927 37.927 37.055 34.314 28.903 22.195 15.999 9.291 3.880 1.136 0.230 
0.734 3.146 9.291 18.818 26.227 29.522 36.931 46.456 52.585 54.871 54.872 52.585 46.456 36.931 29.522 26.227 18.818 9.291 3.146 0.734 
1.618 6.212 15.999 26.227 23.241 7.600 4.614 14.837 24.580 28.859 28.859 24.580 14.837 4.614 7.600 23.241 26.227 15.999 6.212 1.618 

dC(1-1)=
0.007 0.049 0.230 0.734 1.618 2.637 3.521 4.025 4.207 4.248 4.248 4.207 4.025 3.521 2.637 1.618 0.734 0.230 0.049 0.007 
0.049 0.285 1.136 3.146 6.212 9.489 12.554 14.565 15.415 15.646 15.646 15.415 14.565 12.554 9.489 6.212 3.146 1.136 0.285 0.049 
0.230 1.136 3.880 9.291 15.999 22.195 28.903 34.314 37.055 37.927 37.927 37.055 34.314 28.903 22.195 15.999 9.291 3.880 1.136 0.230 
0.734 3.146 9.291 18.818 26.227 29.522 36.931 46.456 52.585 54.871 54.872 52.585 46.456 36.931 29.522 26.227 18.818 9.291 3.146 0.734 
1.618 6.212 15.999 26.227 23.241 7.600 4.614 14.837 24.580 28.859 28.859 24.580 14.837 4.614 7.600 23.241 26.227 15.999 6.212 1.618 

dC(1-2)=
0.014 0.081 0.330 0.940 1.929 3.045 4.034 4.644 4.893 4.959 4.959 4.893 4.644 4.034 3.045 1.929 0.940 0.330 0.081 0.014 
0.081 0.408 1.436 3.625 6.752 10.053 13.180 15.370 16.397 16.711 16.711 16.396 15.370 13.180 10.053 6.752 3.625 1.436 0.408 0.081 
0.330 1.436 4.414 9.759 15.992 21.709 27.941 33.286 36.257 37.306 37.306 36.257 33.286 27.941 21.709 15.992 9.759 4.414 1.436 0.330 
0.940 3.625 9.759 18.394 24.494 27.008 33.108 41.740 47.847 50.347 50.347 47.848 41.740 33.108 27.008 24.494 18.394 9.759 3.625 0.940 
1.929 6.752 15.992 24.494 20.710 6.453 2.669 11.162 20.334 24.735 24.735 20.334 11.162 2.669 6.453 20.710 24.494 15.992 6.752 1.929 

dC(1-1)=
0.014 0.081 0.330 0.940 1.929 3.045 4.034 4.644 4.893 4.959 4.959 4.893 4.644 4.034 3.045 1.929 0.940 0.330 0.081 0.014 
0.081 0.408 1.436 3.625 6.752 10.053 13.180 15.370 16.397 16.711 16.711 16.396 15.370 13.180 10.053 6.752 3.625 1.436 0.408 0.081 
0.330 1.436 4.414 9.759 15.992 21.709 27.941 33.286 36.257 37.306 37.306 36.257 33.286 27.941 21.709 15.992 9.759 4.414 1.436 0.330 
0.940 3.625 9.759 18.394 24.494 27.008 33.108 41.740 47.847 50.347 50.347 47.848 41.740 33.108 27.008 24.494 18.394 9.759 3.625 0.940 
1.929 6.752 15.992 24.494 20.710 6.453 2.669 11.162 20.334 24.735 24.735 20.334 11.162 2.669 6.453 20.710 24.494 15.992 6.752 1.929 

dC(1-2)=
0.025 0.124 0.444 1.153 2.231 3.429 4.508 5.216 5.536 5.631 5.631 5.536 5.216 4.508 3.429 2.231 1.152 0.444 0.124 0.025 
0.124 0.548 1.739 4.064 7.211 10.501 13.648 15.973 17.161 17.564 17.564 17.161 15.973 13.648 10.501 7.211 4.064 1.739 0.548 0.124 
0.444 1.739 4.887 10.098 15.867 21.125 26.893 32.103 35.238 36.446 36.446 35.238 32.103 26.893 21.125 15.867 10.098 4.887 1.739 0.444 
1.152 4.064 10.098 17.887 22.907 24.781 29.801 37.585 43.576 46.232 46.232 43.576 37.585 29.801 24.781 22.907 17.887 10.098 4.064 1.152 
2.231 7.211 15.867 22.907 18.615 5.549 1.256 8.283 16.839 21.278 21.278 16.840 8.283 1.256 5.549 18.615 22.907 15.867 7.211 2.231 

dC(1-1)=
0.025 0.124 0.444 1.153 2.231 3.429 4.508 5.216 5.536 5.631 5.631 5.536 5.216 4.508 3.429 2.231 1.152 0.444 0.124 0.025 
0.124 0.548 1.739 4.064 7.211 10.501 13.648 15.973 17.161 17.564 17.564 17.161 15.973 13.648 10.501 7.211 4.064 1.739 0.548 0.124 
0.444 1.739 4.887 10.098 15.867 21.125 26.893 32.103 35.238 36.446 36.446 35.238 32.103 26.893 21.125 15.867 10.098 4.887 1.739 0.444 
1.152 4.064 10.098 17.887 22.907 24.781 29.801 37.585 43.576 46.232 46.232 43.576 37.585 29.801 24.781 22.907 17.887 10.098 4.064 1.152 
2.231 7.211 15.867 22.907 18.615 5.549 1.256 8.283 16.839 21.278 21.278 16.840 8.283 1.256 5.549 18.615 22.907 15.867 7.211 2.231 

dC(1-2)=
0.040 0.176 0.568 1.365 2.518 3.781 4.934 5.731 6.122 6.252 6.252 6.122 5.731 4.934 3.781 2.518 1.365 0.568 0.176 0.040 
0.176 0.701 2.038 4.458 7.593 10.842 13.976 16.396 17.728 18.219 18.219 17.728 16.396 13.976 10.842 7.593 4.458 2.038 0.701 0.176 
0.568 2.038 5.300 10.329 15.654 20.479 25.803 30.830 34.071 35.415 35.415 34.071 30.830 25.804 20.479 15.654 10.329 5.300 2.038 0.568 
1.365 4.458 10.329 17.333 21.459 22.807 26.932 33.927 39.735 42.492 42.492 39.735 33.927 26.932 22.807 21.459 17.333 10.329 4.458 1.365 
2.518 7.593 15.654 21.459 16.861 4.823 0.222 6.006 13.931 18.335 18.335 13.931 6.006 0.222 4.823 16.861 21.459 15.654 7.593 2.518 

dC(1-1)=
0.040 0.176 0.568 1.365 2.518 3.781 4.934 5.731 6.122 6.252 6.252 6.122 5.731 4.934 3.781 2.518 1.365 0.568 0.176 0.040 
0.176 0.701 2.038 4.458 7.593 10.842 13.976 16.396 17.728 18.219 18.219 17.728 16.396 13.976 10.842 7.593 4.458 2.038 0.701 0.176 
0.568 2.038 5.300 10.329 15.654 20.479 25.803 30.830 34.071 35.415 35.415 34.071 30.830 25.804 20.479 15.654 10.329 5.300 2.038 0.568 
1.365 4.458 10.329 17.333 21.459 22.807 26.932 33.927 39.735 42.492 42.492 39.735 33.927 26.932 22.807 21.459 17.333 10.329 4.458 1.365 
2.518 7.593 15.654 21.459 16.861 4.823 0.222 6.006 13.931 18.335 18.335 13.931 6.006 0.222 4.823 16.861 21.459 15.654 7.593 2.518 

dC(1-2)=
0.059 0.237 0.699 1.574 2.785 4.098 5.309 6.184 6.644 6.811 6.811 6.644 6.184 5.309 4.098 2.785 1.574 0.699 0.237 0.059 
0.237 0.864 2.325 4.808 7.903 11.088 14.183 16.664 18.117 18.692 18.692 18.117 16.664 14.183 11.088 7.903 4.808 2.325 0.864 0.237 
0.699 2.325 5.653 10.472 15.379 19.798 24.704 29.518 32.814 34.269 34.269 32.814 29.518 24.704 19.798 15.378 10.472 5.653 2.325 0.699 
1.574 4.808 10.472 16.758 20.141 21.053 24.435 30.706 36.283 39.093 39.093 36.283 30.706 24.435 21.053 20.141 16.758 10.472 4.808 1.574 
2.785 7.903 15.378 20.141 15.373 4.232 -0.540 4.191 11.487 15.798 15.798 11.488 4.191 -0.541 4.232 15.373 20.141 15.378 7.903 2.785 

dC(1-1)=
0.059 0.237 0.699 1.574 2.785 4.098 5.309 6.184 6.644 6.811 6.811 6.644 6.184 5.309 4.098 2.785 1.574 0.699 0.237 0.059 
0.237 0.864 2.325 4.808 7.903 11.088 14.183 16.664 18.117 18.692 18.692 18.117 16.664 14.183 11.088 7.903 4.808 2.325 0.864 0.237 
0.699 2.325 5.653 10.472 15.379 19.798 24.704 29.518 32.814 34.269 34.269 32.814 29.518 24.704 19.798 15.378 10.472 5.653 2.325 0.699 
1.574 4.808 10.472 16.758 20.141 21.053 24.435 30.706 36.283 39.093 39.093 36.283 30.706 24.435 21.053 20.141 16.758 10.472 4.808 1.574 
2.785 7.903 15.378 20.141 15.373 4.232 -0.540 4.191 11.487 15.798 15.798 11.488 4.191 -0.541 4.232 15.373 20.141 15.378 7.903 2.785 

dC(1-2)=
0.083 0.304 0.833 1.773 3.028 4.377 5.632 6.572 7.098 7.301 7.301 7.098 6.572 5.632 4.377 3.028 1.773 0.833 0.304 0.083 
0.304 1.031 2.598 5.112 8.148 11.251 14.287 16.799 18.352 19.005 19.004 18.352 16.799 14.286 11.251 8.148 5.112 2.597 1.031 0.304 
0.833 2.598 5.951 10.543 15.059 19.101 23.616 28.200 31.507 33.048 33.048 31.507 28.200 23.616 19.101 15.059 10.543 5.951 2.597 0.833 
1.773 5.112 10.543 16.177 18.941 19.493 22.253 27.867 33.180 36.000 36.000 33.180 27.867 22.253 19.493 18.941 16.177 10.543 5.112 1.773 
3.028 8.148 15.059 18.941 14.098 3.744 -1.105 2.733 9.416 13.588 13.588 9.416 2.733 -1.105 3.744 14.098 18.941 15.059 8.148 3.028 

dC(1-1)=
0.083 0.304 0.833 1.773 3.028 4.377 5.632 6.572 7.098 7.301 7.301 7.098 6.572 5.632 4.377 3.028 1.773 0.833 0.304 0.083 
0.304 1.031 2.598 5.112 8.148 11.251 14.287 16.799 18.352 19.005 19.004 18.352 16.799 14.286 11.251 8.148 5.112 2.597 1.031 0.304 
0.833 2.598 5.951 10.543 15.059 19.101 23.616 28.200 31.507 33.048 33.048 31.507 28.200 23.616 19.101 15.059 10.543 5.951 2.597 0.833 
1.773 5.112 10.543 16.177 18.941 19.493 22.253 27.867 33.180 36.000 36.000 33.180 27.867 22.253 19.493 18.941 16.177 10.543 5.112 1.773 
3.028 8.148 15.059 18.941 14.098 3.744 -1.105 2.733 9.416 13.588 13.588 9.416 2.733 -1.105 3.744 14.098 18.941 15.059 8.148 3.028 

dC(1-2)=
0.110 0.377 0.967 1.961 3.247 4.617 5.903 6.896 7.481 7.721 7.721 7.481 6.896 5.903 4.617 3.247 1.961 0.967 0.377 0.110 
0.377 1.199 2.851 5.373 8.334 11.342 14.302 16.820 18.452 19.173 19.173 18.452 16.820 14.302 11.342 8.334 5.373 2.851 1.199 0.377 
0.967 2.851 6.199 10.556 14.708 18.402 22.553 26.899 30.182 31.785 31.785 30.182 26.899 22.553 18.402 14.708 10.556 6.199 2.851 0.967 
1.961 5.373 10.556 15.603 17.847 18.100 20.339 25.357 30.387 33.182 33.182 30.387 25.357 20.339 18.100 17.847 15.603 10.556 5.373 1.961 
3.247 8.334 14.708 17.847 12.996 3.336 -1.525 1.555 7.646 11.645 11.645 7.646 1.555 -1.525 3.336 12.996 17.847 14.708 8.334 3.247 

dC(1-1)=
0.110 0.377 0.967 1.961 3.247 4.617 5.903 6.896 7.481 7.721 7.721 7.481 6.896 5.903 4.617 3.247 1.961 0.967 0.377 0.110 
0.377 1.199 2.851 5.373 8.334 11.342 14.302 16.820 18.452 19.173 19.173 18.452 16.820 14.302 11.342 8.334 5.373 2.851 1.199 0.377 
0.967 2.851 6.199 10.556 14.708 18.402 22.553 26.899 30.182 31.785 31.785 30.182 26.899 22.553 18.402 14.708 10.556 6.199 2.851 0.967 
1.961 5.373 10.556 15.603 17.847 18.100 20.339 25.357 30.387 33.182 33.182 30.387 25.357 20.339 18.100 17.847 15.603 10.556 5.373 1.961 
3.247 8.334 14.708 17.847 12.996 3.336 -1.525 1.555 7.646 11.645 11.645 7.646 1.555 -1.525 3.336 12.996 17.847 14.708 8.334 3.247 

dC(1-2)=
0.142 0.454 1.099 2.135 3.439 4.820 6.123 7.158 7.796 8.070 8.070 7.796 7.158 6.123 4.820 3.439 2.136 1.099 0.454 0.142 
0.454 1.365 3.085 5.594 8.467 11.371 14.243 16.747 18.437 19.217 19.217 18.437 16.747 14.243 11.371 8.467 5.594 3.085 1.365 0.454 
1.099 3.085 6.401 10.522 14.339 17.712 21.526 25.630 28.862 30.503 30.503 28.862 25.630 21.526 17.712 14.339 10.522 6.401 3.085 1.099 
2.136 5.594 10.522 15.043 16.849 16.852 18.652 23.132 27.869 30.609 30.609 27.869 23.132 18.652 16.852 16.849 15.042 10.522 5.594 2.136 
3.439 8.467 14.339 16.849 12.034 2.991 -1.838 0.596 6.124 9.923 9.923 6.124 0.596 -1.838 2.991 12.034 16.849 14.339 8.467 3.439 

dC(1-1)=
0.142 0.454 1.099 2.135 3.439 4.820 6.123 7.158 7.796 8.070 8.070 7.796 7.158 6.123 4.820 3.439 2.136 1.099 0.454 0.142 
0.454 1.365 3.085 5.594 8.467 11.371 14.243 16.747 18.437 19.217 19.217 18.437 16.747 14.243 11.371 8.467 5.594 3.085 1.365 0.454 
1.099 3.085 6.401 10.522 14.339 17.712 21.526 25.630 28.862 30.503 30.503 28.862 25.630 21.526 17.712 14.339 10.522 6.401 3.085 1.099 
2.136 5.594 10.522 15.043 16.849 16.852 18.652 23.132 27.869 30.609 30.609 27.869 23.132 18.652 16.852 16.849 15.042 10.522 5.594 2.136 
3.439 8.467 14.339 16.849 12.034 2.991 -1.838 0.596 6.124 9.923 9.923 6.124 0.596 -1.838 2.991 12.034 16.849 14.339 8.467 3.439 

dC(1-2)=
0.176 0.533 1.227 2.295 3.606 4.985 6.296 7.361 8.044 8.350 8.350 8.044 7.362 6.296 4.985 3.606 2.295 1.227 0.533 0.176 
0.533 1.527 3.297 5.777 8.555 11.347 14.122 16.595 18.324 19.153 19.153 18.324 16.595 14.122 11.347 8.555 5.777 3.297 1.527 0.533 
1.227 3.297 6.562 10.451 13.958 17.036 20.540 24.405 27.561 29.221 29.221 27.561 24.405 20.539 17.036 13.958 10.451 6.562 3.297 1.227 
2.295 5.777 10.451 14.500 15.936 15.732 17.158 21.154 25.594 28.256 28.256 25.594 21.154 17.158 15.732 15.936 14.500 10.451 5.777 2.295 
3.606 8.555 13.958 15.936 11.188 2.697 -2.070 -0.190 4.807 8.390 8.390 4.807 -0.190 -2.070 2.696 11.188 15.936 13.958 8.555 3.606 

dC(1-1)=
0.176 0.533 1.227 2.295 3.606 4.985 6.296 7.361 8.044 8.350 8.350 8.044 7.362 6.296 4.985 3.606 2.295 1.227 0.533 0.176 
0.533 1.527 3.297 5.777 8.555 11.347 14.122 16.595 18.324 19.153 19.153 18.324 16.595 14.122 11.347 8.555 5.777 3.297 1.527 0.533 
1.227 3.297 6.562 10.451 13.958 17.036 20.540 24.405 27.561 29.221 29.221 27.561 24.405 20.539 17.036 13.958 10.451 6.562 3.297 1.227 
2.295 5.777 10.451 14.500 15.936 15.732 17.158 21.154 25.594 28.256 28.256 25.594 21.154 17.158 15.732 15.936 14.500 10.451 5.777 2.295 
3.606 8.555 13.958 15.936 11.188 2.697 -2.070 -0.190 4.807 8.390 8.390 4.807 -0.190 -2.070 2.696 11.188 15.936 13.958 8.555 3.606 

dC(1-2)=
0.212 0.613 1.349 2.438 3.747 5.116 6.424 7.510 8.230 8.565 8.565 8.230 7.510 6.424 5.116 3.747 2.438 1.348 0.613 0.212 
0.613 1.682 3.487 5.926 8.602 11.278 13.951 16.378 18.130 18.997 18.997 18.130 16.378 13.951 11.278 8.602 5.926 3.487 1.682 0.613 
1.349 3.487 6.687 10.350 13.573 16.379 19.596 23.228 26.291 27.952 27.952 26.291 23.228 19.596 16.379 13.573 10.350 6.686 3.487 1.349 
2.438 5.926 10.350 13.977 15.099 14.722 15.831 19.389 23.534 26.100 26.100 23.534 19.389 15.831 14.722 15.100 13.977 10.350 5.926 2.438 
3.747 8.602 13.573 15.099 10.439 2.443 -2.242 -0.837 3.661 7.016 7.016 3.660 -0.837 -2.242 2.443 10.439 15.100 13.573 8.602 3.747 

dC(1-1)=
0.212 0.613 1.349 2.438 3.747 5.116 6.424 7.510 8.230 8.565 8.565 8.230 7.510 6.424 5.116 3.747 2.438 1.348 0.613 0.212 
0.613 1.682 3.487 5.926 8.602 11.278 13.951 16.378 18.130 18.997 18.997 18.130 16.378 13.951 11.278 8.602 5.926 3.487 1.682 0.613 
1.349 3.487 6.687 10.350 13.573 16.379 19.596 23.228 26.291 27.952 27.952 26.291 23.228 19.596 16.379 13.573 10.350 6.686 3.487 1.349 
2.438 5.926 10.350 13.977 15.099 14.722 15.831 19.389 23.534 26.100 26.100 23.534 19.389 15.831 14.722 15.100 13.977 10.350 5.926 2.438 
3.747 8.602 13.573 15.099 10.439 2.443 -2.242 -0.837 3.661 7.016 7.016 3.660 -0.837 -2.242 2.443 10.439 15.100 13.573 8.602 3.747 

dC(1-2)=
0.250 0.692 1.463 2.565 3.864 5.214 6.512 7.609 8.359 8.718 8.718 8.358 7.609 6.512 5.214 3.864 2.565 1.463 0.692 0.250 
0.692 1.829 3.657 6.043 8.613 11.171 13.738 16.109 17.868 18.762 18.762 17.868 16.109 13.738 11.171 8.613 6.043 3.657 1.829 0.692 
1.463 3.657 6.779 10.226 13.187 15.744 18.696 22.102 25.059 26.705 26.705 25.059 22.102 18.696 15.744 13.187 10.226 6.779 3.657 1.463 
2.565 6.043 10.226 13.476 14.331 13.808 14.645 17.809 21.664 24.120 24.120 21.664 17.809 14.645 13.808 14.331 13.476 10.226 6.043 2.565 
3.864 8.613 13.187 14.331 9.772 2.222 -2.369 -1.372 2.658 5.782 5.782 2.658 -1.372 -2.369 2.222 9.772 14.331 13.187 8.613 3.864 

dC(1-1)=
0.250 0.692 1.463 2.565 3.864 5.214 6.512 7.609 8.359 8.718 8.718 8.358 7.609 6.512 5.214 3.864 2.565 1.463 0.692 0.250 
0.692 1.829 3.657 6.043 8.613 11.171 13.738 16.109 17.868 18.762 18.762 17.868 16.109 13.738 11.171 8.613 6.043 3.657 1.829 0.692 
1.463 3.657 6.779 10.226 13.187 15.744 18.696 22.102 25.059 26.705 26.705 25.059 22.102 18.696 15.744 13.187 10.226 6.779 3.657 1.463 
2.565 6.043 10.226 13.476 14.331 13.808 14.645 17.809 21.664 24.120 24.120 21.664 17.809 14.645 13.808 14.331 13.476 10.226 6.043 2.565 
3.864 8.613 13.187 14.331 9.772 2.222 -2.369 -1.372 2.658 5.782 5.782 2.658 -1.372 -2.369 2.222 9.772 14.331 13.187 8.613 3.864 

dC(1-2)=
0.288 0.769 1.569 2.676 3.958 5.283 6.564 7.664 8.435 8.815 8.815 8.435 7.664 6.564 5.284 3.957 2.676 1.569 0.769 0.288 
0.769 1.967 3.805 6.132 8.595 11.034 13.492 15.797 17.549 18.463 18.463 17.549 15.797 13.492 11.034 8.594 6.132 3.805 1.967 0.769 
1.569 3.805 6.844 10.084 12.803 15.133 17.841 21.029 23.869 25.488 25.488 23.869 21.029 17.841 15.133 12.804 10.084 6.844 3.805 1.569 
2.676 6.132 10.084 12.997 13.623 12.979 13.581 16.389 19.963 22.299 22.299 19.963 16.389 13.581 12.979 13.623 12.997 10.084 6.132 2.676 
3.958 8.595 12.803 13.623 9.174 2.029 -2.461 -1.818 1.777 4.668 4.668 1.777 -1.818 -2.461 2.029 9.174 13.623 12.804 8.594 3.958 

dC(1-1)=
0.288 0.769 1.569 2.676 3.958 5.283 6.564 7.664 8.435 8.815 8.815 8.435 7.664 6.564 5.284 3.957 2.676 1.569 0.769 0.288 
0.769 1.967 3.805 6.132 8.595 11.034 13.492 15.797 17.549 18.463 18.463 17.549 15.797 13.492 11.034 8.594 6.132 3.805 1.967 0.769 
1.569 3.805 6.844 10.084 12.803 15.133 17.841 21.029 23.869 25.488 25.488 23.869 21.029 17.841 15.133 12.804 10.084 6.844 3.805 1.569 
2.676 6.132 10.084 12.997 13.623 12.979 13.581 16.389 19.963 22.299 22.299 19.963 16.389 13.581 12.979 13.623 12.997 10.084 6.132 2.676 
3.958 8.595 12.803 13.623 9.174 2.029 -2.461 -1.818 1.777 4.668 4.668 1.777 -1.818 -2.461 2.029 9.174 13.623 12.804 8.594 3.958 

dC(1-2)=
0.327 0.844 1.667 2.771 4.030 5.326 6.582 7.678 8.463 8.860 8.860 8.464 7.678 6.582 5.326 4.030 2.771 1.667 0.844 0.327 
0.844 2.095 3.934 6.195 8.549 10.871 13.219 15.452 17.186 18.109 18.109 17.186 15.452 13.219 10.871 8.549 6.195 3.934 2.095 0.844 
1.667 3.935 6.884 9.928 12.426 14.545 17.028 20.007 22.724 24.305 24.304 22.724 20.007 17.028 14.545 12.426 9.928 6.885 3.934 1.667 
2.771 6.195 9.928 12.540 12.969 12.224 12.624 15.109 18.411 20.621 20.621 18.412 15.109 12.624 12.224 12.969 12.540 9.928 6.195 2.771 
4.030 8.549 12.426 12.969 8.635 1.857 -2.528 -2.191 1.000 3.661 3.661 0.999 -2.191 -2.528 1.857 8.635 12.969 12.426 8.549 4.030 

dC(1-1)=
0.327 0.844 1.667 2.771 4.030 5.326 6.582 7.678 8.463 8.860 8.860 8.464 7.678 6.582 5.326 4.030 2.771 1.667 0.844 0.327 
0.844 2.095 3.934 6.195 8.549 10.871 13.219 15.452 17.186 18.109 18.109 17.186 15.452 13.219 10.871 8.549 6.195 3.934 2.095 0.844 
1.667 3.935 6.884 9.928 12.426 14.545 17.028 20.007 22.724 24.305 24.304 22.724 20.007 17.028 14.545 12.426 9.928 6.885 3.934 1.667 
2.771 6.195 9.928 12.540 12.969 12.224 12.624 15.109 18.411 20.621 20.621 18.412 15.109 12.624 12.224 12.969 12.540 9.928 6.195 2.771 
4.030 8.549 12.426 12.969 8.635 1.857 -2.528 -2.191 1.000 3.661 3.661 0.999 -2.191 -2.528 1.857 8.635 12.969 12.426 8.549 4.030 

dC(1-2)=
0.365 0.915 1.755 2.852 4.083 5.344 6.571 7.656 8.450 8.859 8.859 8.450 7.656 6.571 5.344 4.083 2.852 1.755 0.915 0.365 
0.915 2.213 4.045 6.236 8.482 10.686 12.924 15.080 16.786 17.711 17.711 16.786 15.080 12.924 10.686 8.482 6.236 4.045 2.213 0.915 
1.755 4.045 6.903 9.762 12.055 13.982 16.256 19.035 21.626 23.159 23.158 21.625 19.035 16.256 13.982 12.055 9.762 6.903 4.045 1.755 
2.852 6.236 9.762 12.103 12.364 11.534 11.758 13.950 16.992 19.073 19.073 16.992 13.950 11.758 11.534 12.364 12.103 9.762 6.236 2.852 
4.083 8.482 12.055 12.364 8.146 1.705 -2.574 -2.505 0.311 2.748 2.748 0.311 -2.505 -2.574 1.705 8.146 12.364 12.055 8.482 4.083 

dC(1-1)=
